1.172532e+06 9.477320e+04 6.564020e+10 7.246530e+05 1.102500e+08 2.036610e+07 9 -1 -1 9.401786e-01 3.272395e-02 6.212592e-02 1.108634e+00 1.331552e-01 3.076901e-01 6.348378e-10
5.036477e+05 3.025943e+05 6.869910e+11 2.344340e+06 1.030660e+07 3.927220e+06 11 -1 -1 1.005108e+00 4.693599e-02 6.028829e-03 1.025487e+00 1.210635e-01 2.545075e-02 0.000000e+00
5.377614e+05 2.476143e+05 4.390360e+11 1.874110e+06 2.613800e+07 3.792530e+06 9 -1 -1 9.580241e-01 8.104586e-03 2.053921e-02 0.000000e+00 0.000000e+00 0.000000e+00 3.039891e-10
2.985753e+05 2.459547e+05 4.331700e+11 1.861550e+06 1.380420e+08 7.859720e+06 10 -1 -1 1.150252e+00 1.363477e-02 2.327326e-02 0.000000e+00 0.000000e+00 0.000000e+00 3.292653e-12
7.953174e+05 8.393429e+04 5.044610e+10 6.352710e+05 4.799870e+06 9.883830e+05 9 -1 -1 1.188408e+00 1.858744e-01 5.657454e-02 0.000000e+00 0.000000e+00 0.000000e+00 7.679572e-10
7.278333e+05 4.650777e+04 1.549140e+10 3.520380e+05 9.545890e+05 3.657570e+05 6 -1 -1 1.108119e+00 6.227022e-02 7.416779e-02 0.000000e+00 0.000000e+00 0.000000e+00 2.767200e-09
1.792389e+06 3.090077e+05 6.837340e+11 2.338780e+06 5.486030e+08 1.646730e+07 10 -1 -1 7.195089e-01 3.829196e-02 6.042484e-03 0.000000e+00 0.000000e+00 0.000000e+00 1.489886e-11
8.095941e+05 2.963028e+05 6.304970e+11 2.245880e+06 7.198070e+07 7.990680e+06 6 -1 -1 9.957807e-01 2.789300e-02 2.983166e-03 0.000000e+00 0.000000e+00 0.000000e+00 1.563511e-10
1.368002e+06 2.843209e+05 5.788500e+11 2.151930e+06 4.564000e+08 1.448810e+07 3 -1 -1 6.129464e-01 4.668643e-02 3.348513e-03 0.000000e+00 0.000000e+00 0.000000e+00 9.768021e-12
6.431377e+05 5.153996e+04 2.167190e+10 4.163840e+05 2.265530e+06 1.118530e+06 10 -1 -1 1.086657e+00 2.309000e-01 8.180856e-02 0.000000e+00 0.000000e+00 0.000000e+00 1.919893e-09
4.066706e+05 1.751163e+05 2.230630e+11 1.335850e+06 4.542900e+07 8.047700e+06 10 -1 -1 9.119355e-01 7.848846e-02 5.320681e-02 1.015241e+00 1.005785e-01 1.442445e-01 0.000000e+00
7.030711e+05 2.479221e+05 4.415480e+11 1.879460e+06 9.129570e+07 9.036050e+06 2 -1 -1 9.550903e-01 2.878790e-02 1.691055e-02 1.053144e+00 2.517982e-01 7.525183e-02 4.593291e-09
7.009859e+05 7.948304e+04 4.633840e+10 6.088570e+05 3.805930e+06 1.118490e+06 10 -1 -1 1.054711e+00 8.547154e-02 6.927183e-02 0.000000e+00 0.000000e+00 0.000000e+00 8.353786e-10
2.737400e+05 2.478489e+05 4.462910e+11 1.889530e+06 1.153410e+08 1.875430e+07 6 -1 -1 1.030164e+00 4.568953e-02 2.289188e-02 1.161092e+00 1.563539e-01 5.504191e-02 0.000000e+00
8.264837e+05 4.054661e+04 1.216580e+10 3.119720e+05 4.436220e+05 3.118650e+05 2 -1 -1 0.000000e+00 0.000000e+00 0.000000e+00 0.000000e+00 0.000000e+00 0.000000e+00 3.680816e-09
5.799929e+05 6.293319e+04 3.366090e+10 5.189290e+05 5.607590e+07 2.817980e+07 2 -1 -1 1.172823e+00 7.696085e-02 1.050109e-01 1.030684e+00 1.395453e-01 3.785346e-02 0.000000e+00
4.976668e+05 5.255481e+04 2.386290e+10 4.369250e+05 1.834540e+06 1.065650e+06 14 -1 -1 1.153968e+00 1.301240e-01 5.442304e-02 1.177851e+00 4.336847e-02 1.188982e-02 1.551649e-09
5.007614e+05 3.963064e+04 1.260030e+10 3.174940e+05 7.264340e+05 4.250700e+05 9 -1 -1 1.170936e+00 1.146744e-01 1.188110e-02 0.000000e+00 0.000000e+00 0.000000e+00 1.659259e-09
5.080798e+05 1.575053e+05 1.783950e+11 1.194640e+06 5.227370e+07 5.712690e+06 10 -1 -1 1.064105e+00 3.800604e-02 3.418891e-02 0.000000e+00 0.000000e+00 0.000000e+00 2.221579e-09
2.913963e+05 8.010446e+04 4.643310e+10 6.094790e+05 9.349390e+06 1.718490e+06 3 -1 -1 1.013599e+00 1.346723e-01 7.709486e-02 1.224237e+00 1.261687e-01 4.650305e-02 2.206797e-10
5.274616e+05 4.167068e+04 1.445990e+10 3.401160e+05 1.472650e+06 7.905620e+05 1 -1 -1 1.081223e+00 1.119325e-02 9.134858e-02 0.000000e+00 0.000000e+00 0.000000e+00 1.237071e-09
3.078164e+05 3.090269e+05 0.000000e+00 0.000000e+00 0.000000e+00 0.000000e+00 10 -1 -1 7.196704e-01 1.360413e-02 1.246482e-02 0.000000e+00 0.000000e+00 0.000000e+00 0.000000e+00
1.194440e+06 8.796769e+04 5.601680e+10 6.694280e+05 8.546760e+07 1.177090e+07 10 -1 -1 1.054273e+00 2.913689e-01 5.931756e-02 0.000000e+00 0.000000e+00 0.000000e+00 6.208193e-10
1.041843e+06 5.238909e+04 2.121850e+10 4.120050e+05 1.472910e+06 6.739920e+05 10 -1 -1 1.063060e+00 1.625313e-01 5.875763e-02 0.000000e+00 0.000000e+00 0.000000e+00 3.817674e-09
9.473128e+05 3.075353e+04 9.048760e+09 2.690540e+05 7.499060e+06 4.718910e+06 9 -1 -1 1.333350e+00 2.340344e-01 2.355153e-01 1.338467e+00 9.212808e-02 8.082861e-02 0.000000e+00
4.106198e+05 6.433596e+04 3.047940e+10 4.937970e+05 3.317260e+06 9.832510e+05 10 -1 -1 1.076350e+00 2.827987e-01 6.480610e-02 0.000000e+00 0.000000e+00 0.000000e+00 1.154128e-09
9.850402e+05 9.391991e+04 6.796680e+10 7.373830e+05 4.733780e+07 1.621690e+07 6 -1 -1 1.058321e+00 2.216278e-01 9.965825e-02 1.021002e+00 9.722469e-02 1.016228e-01 1.682809e-10
1.317728e+06 2.347823e+05 3.947110e+11 1.776990e+06 3.552680e+08 1.165390e+07 3 -1 -1 5.215357e-01 1.829752e-02 1.872634e-02 0.000000e+00 0.000000e+00 0.000000e+00 8.422326e-12
3.154682e+05 9.925548e+04 7.517900e+10 7.755210e+05 4.849750e+07 1.556080e+07 9 -1 -1 9.574430e-01 6.058132e-02 5.945820e-02 1.018984e+00 9.681492e-02 6.804588e-02 0.000000e+00
4.445214e+05 2.348003e+05 4.068470e+11 1.804100e+06 5.263220e+08 1.169230e+08 6 -1 -1 5.217938e-01 4.610187e-02 1.808188e-02 5.132887e-01 6.128124e-02 2.217386e-02 0.000000e+00
3.436180e+05 2.977937e+05 8.563120e+11 2.617350e+06 5.024740e+07 3.212510e+07 9 -1 -1 9.831630e-01 3.035111e-02 3.174590e-02 1.018645e+00 5.303474e-02 5.339625e-02 0.000000e+00
6.954844e+05 5.691945e+04 3.351600e+10 5.178100e+05 8.641330e+07 5.934300e+07 10 -1 -1 5.582029e-01 2.304681e-01 9.979947e-02 4.695145e-01 5.830004e-02 7.774983e-02 0.000000e+00
7.715527e+05 4.917482e+04 2.389820e+10 4.372480e+05 3.296740e+06 2.217850e+06 10 -1 -1 9.477372e-01 3.344192e-02 1.195644e-01 1.061519e+00 1.922385e-01 7.349754e-02 0.000000e+00
9.891745e+05 6.835370e+04 3.345590e+10 5.173460e+05 1.943410e+06 6.054760e+05 3 -1 -1 1.317626e+00 1.978472e-01 2.274404e-02 0.000000e+00 0.000000e+00 0.000000e+00 3.913813e-09
8.039181e+05 2.969221e+05 6.312970e+11 2.247300e+06 3.260250e+08 1.278080e+07 3 -1 -1 9.612175e-01 5.126197e-02 4.010386e-02 0.000000e+00 0.000000e+00 0.000000e+00 7.529141e-12
1.639394e+06 4.459896e+04 2.224970e+10 4.218970e+05 3.924390e+07 2.891360e+07 9 -1 -1 1.107363e+00 3.154578e-01 5.514563e-01 1.036405e+00 1.592559e-01 1.223519e-01 0.000000e+00
2.415043e+05 2.843592e+05 0.000000e+00 0.000000e+00 0.000000e+00 0.000000e+00 9 -1 -1 6.111752e-01 2.673423e-02 1.488203e-02 0.000000e+00 0.000000e+00 0.000000e+00 0.000000e+00
8.775247e+05 1.798454e+05 2.395840e+11 1.384440e+06 9.418280e+06 2.913170e+06 3 -1 -1 8.671446e-01 1.386493e-01 6.905892e-02 9.623963e-01 1.133917e-01 1.084409e-01 1.073618e-08
5.752132e+05 2.978353e+05 6.370700e+11 2.257560e+06 5.616070e+07 6.895010e+06 14 -1 -1 9.638380e-01 6.085569e-02 4.087510e-02 0.000000e+00 0.000000e+00 0.000000e+00 1.316884e-10
4.267873e+05 2.354362e+05 4.068470e+11 1.804100e+06 4.012680e+07 8.914190e+06 9 -1 -1 5.209374e-01 3.770925e-02 2.028900e-02 5.300859e-01 1.264493e-01 5.834567e-02 0.000000e+00
5.889622e+05 4.622652e+04 1.600750e+10 3.578550e+05 5.105040e+05 3.700310e+05 14 -1 -1 0.000000e+00 0.000000e+00 0.000000e+00 0.000000e+00 0.000000e+00 0.000000e+00 5.555429e-09
6.841622e+05 4.175601e+04 1.252720e+10 3.165720e+05 5.325050e+05 2.911730e+05 3 -1 -1 0.000000e+00 0.000000e+00 0.000000e+00 0.000000e+00 0.000000e+00 0.000000e+00 3.846036e-09
2.416894e+05 5.565810e+04 2.936080e+10 4.846510e+05 2.759780e+06 1.792400e+06 3 -1 -1 1.029590e+00 1.163135e-01 5.836667e-02 9.412231e-01 3.394345e-02 1.122694e-01 0.000000e+00
1.046347e+06 3.676686e+04 9.716450e+09 2.788040e+05 3.900850e+05 2.604850e+05 14 -1 -1 0.000000e+00 0.000000e+00 0.000000e+00 0.000000e+00 0.000000e+00 0.000000e+00 2.627200e-09
6.281578e+05 1.195424e+05 1.047950e+11 9.156190e+05 1.094930e+07 2.667490e+06 10 -1 -1 1.306367e+00 1.023369e-01 7.214788e-02 1.441043e+00 2.550074e-01 1.406496e-01 4.325544e-09
2.683823e+05 3.325118e+05 0.000000e+00 0.000000e+00 0.000000e+00 0.000000e+00 3 -1 -1 8.075115e-01 1.531678e-02 9.813054e-03 0.000000e+00 0.000000e+00 0.000000e+00 0.000000e+00
5.818261e+05 9.929366e+04 7.129890e+10 7.552430e+05 7.593150e+06 1.597220e+06 9 -1 -1 8.849089e-01 1.355779e-01 1.018886e-01 0.000000e+00 0.000000e+00 0.000000e+00 2.759566e-10
4.226971e+05 2.989732e+05 6.400490e+11 2.262830e+06 8.627770e+07 7.117500e+06 10 -1 -1 9.859092e-01 3.787407e-02 8.377676e-03 0.000000e+00 0.000000e+00 0.000000e+00 3.034283e-11
5.379671e+05 6.447306e+04 3.792800e+10 5.508400e+05 2.613620e+06 1.635870e+06 3 -1 -1 4.426123e-01 7.441846e-02 2.409899e-02 4.684453e-01 3.374444e-02 9.333672e-02 0.000000e+00
4.436191e+05 5.595680e+04 2.316290e+10 4.304680e+05 6.319080e+05 4.229770e+05 10 -1 -1 9.809418e-01 9.533340e-02 5.546334e-02 0.000000e+00 0.000000e+00 0.000000e+00 4.289195e-09
4.599692e+05 5.420255e+04 2.169830e+10 4.166370e+05 2.230780e+06 7.279920e+05 14 -1 -1 1.476059e+00 1.054283e-01 6.603023e-02 0.000000e+00 0.000000e+00 0.000000e+00 3.354725e-10
7.979255e+05 7.357212e+04 4.389540e+10 5.925900e+05 2.031670e+06 1.073760e+06 9 -1 -1 1.303764e+00 1.655666e-01 3.569090e-02 0.000000e+00 0.000000e+00 0.000000e+00 6.341786e-09
4.638205e+05 7.292021e+04 3.913350e+10 5.595250e+05 1.768570e+06 7.031560e+05 9 -1 -1 1.131316e+00 1.425244e-01 7.002355e-03 0.000000e+00 0.000000e+00 0.000000e+00 1.314475e-09
4.135188e+05 4.102318e+04 1.792920e+10 3.787270e+05 3.137740e+07 2.218250e+07 11 -1 -1 1.363717e+00 8.478045e-02 3.406732e-02 1.378010e+00 7.629345e-02 4.103044e-02 0.000000e+00
8.841047e+05 3.114622e+04 9.943730e+09 2.820460e+05 4.094680e+06 2.815760e+06 14 -1 -1 1.074147e+00 9.734876e-02 9.798238e-02 1.082362e+00 1.839076e-01 2.197714e-02 0.000000e+00
1.205525e+06 4.284772e+04 1.354140e+10 3.291370e+05 5.058840e+05 3.194430e+05 1 -1 -1 0.000000e+00 0.000000e+00 0.000000e+00 0.000000e+00 0.000000e+00 0.000000e+00 4.322411e-09
8.410956e+05 2.498591e+05 4.470320e+11 1.891100e+06 2.310160e+07 3.613420e+06 3 -1 -1 1.038676e+00 6.447254e-02 1.978138e-02 0.000000e+00 0.000000e+00 0.000000e+00 9.781164e-10
5.058204e+05 6.166327e+04 3.569260e+10 5.343600e+05 5.978830e+06 3.715860e+06 14 -1 -1 1.052402e+00 1.381301e-01 1.099892e-01 8.754410e-01 4.978314e-02 6.795537e-02 0.000000e+00
9.557854e+05 6.869927e+04 3.614610e+10 5.377440e+05 3.908740e+06 1.465370e+06 3 -1 -1 8.356786e-01 2.715405e-01 4.856291e-02 0.000000e+00 0.000000e+00 0.000000e+00 2.384455e-09
6.190373e+05 2.501395e+05 4.480360e+11 1.893220e+06 9.442300e+07 6.705500e+06 6 -1 -1 9.873697e-01 3.911739e-02 7.563829e-03 0.000000e+00 0.000000e+00 0.000000e+00 3.182162e-11
7.131416e+05 5.079320e+04 1.847390e+10 3.844370e+05 1.263900e+06 4.277070e+05 14 -1 -1 9.945403e-01 2.046072e-01 4.946445e-02 0.000000e+00 0.000000e+00 0.000000e+00 1.973499e-09
8.911577e+05 8.425459e+04 5.351100e+10 6.542840e+05 6.219750e+06 2.034180e+06 2 -1 -1 1.121799e+00 1.532581e-01 7.847764e-02 0.000000e+00 0.000000e+00 0.000000e+00 3.268674e-09
4.323014e+05 3.007885e+05 6.499830e+11 2.280320e+06 3.437770e+07 5.301870e+06 6 -1 -1 1.001366e+00 2.655527e-02 1.720166e-02 0.000000e+00 0.000000e+00 0.000000e+00 2.045724e-10
7.581849e+05 2.851627e+05 5.822830e+11 2.158300e+06 6.518200e+07 6.125460e+06 6 -1 -1 6.119084e-01 3.258614e-02 1.848376e-02 0.000000e+00 0.000000e+00 0.000000e+00 1.484127e-10
7.188726e+05 8.566043e+04 5.562170e+10 6.670630e+05 2.259180e+06 9.827180e+05 9 -1 -1 9.393836e-01 6.737220e-02 3.247485e-02 0.000000e+00 0.000000e+00 0.000000e+00 3.279018e-09
6.805231e+05 6.457563e+04 4.501950e+10 6.001300e+05 6.658410e+06 4.830210e+06 9 -1 -1 1.071528e+00 2.433655e-01 6.788451e-02 1.250133e+00 3.366517e-01 2.106593e-01 0.000000e+00
4.520327e+05 3.329374e+05 7.937320e+11 2.519890e+06 2.165920e+08 1.135930e+07 3 -1 -1 8.080734e-01 5.328030e-02 9.448257e-03 0.000000e+00 0.000000e+00 0.000000e+00 7.603974e-12
1.311127e+06 7.310004e+04 3.843590e+10 5.545150e+05 4.754830e+06 9.832560e+05 6 -1 -1 1.097824e+00 1.469724e-01 3.528277e-02 0.000000e+00 0.000000e+00 0.000000e+00 1.414491e-09
7.565035e+05 2.462267e+05 4.343980e+11 1.864190e+06 3.285840e+09 1.082860e+08 3 -1 -1 1.157372e+00 4.551766e-02 2.565804e-02 0.000000e+00 0.000000e+00 0.000000e+00 7.676354e-10
3.025177e+05 4.868571e+04 1.703800e+10 3.691930e+05 5.374980e+05 3.396480e+05 11 -1 -1 1.184427e+00 1.308915e-01 5.326818e-02 0.000000e+00 0.000000e+00 0.000000e+00 1.739199e-09
4.706664e+05 5.063122e+04 2.594770e+10 4.556110e+05 1.905790e+06 1.366050e+06 10 -1 -1 1.083332e+00 1.995504e-01 5.178051e-02 9.797893e-01 4.749147e-02 8.457413e-02 0.000000e+00
5.762251e+05 4.216757e+04 1.521020e+10 3.488290e+05 6.292400e+05 4.583400e+05 6 -1 -1 9.412029e-01 1.102375e-01 7.562342e-02 0.000000e+00 0.000000e+00 0.000000e+00 3.883567e-09
6.937799e+05 3.017643e+05 6.600150e+11 2.297850e+06 8.591930e+07 1.361700e+07 6 -1 -1 1.013649e+00 1.023645e-02 1.952726e-02 1.752751e+00 4.297899e-01 8.347433e-02 9.179434e-10
7.617070e+05 3.016789e+05 6.516860e+11 2.283310e+06 1.376670e+08 8.795660e+06 3 -1 -1 1.000664e+00 2.831084e-02 1.079677e-02 0.000000e+00 0.000000e+00 0.000000e+00 3.976019e-11
6.287927e+05 1.221253e+05 1.067990e+11 9.243340e+05 1.009520e+07 1.683650e+06 10 -1 -1 1.049191e+00 1.819947e-01 1.556383e-01 0.000000e+00 0.000000e+00 0.000000e+00 3.342824e-10
7.500925e+05 5.097080e+04 1.882970e+10 3.881210e+05 8.452760e+05 3.912770e+05 6 -1 -1 1.144462e+00 4.349473e-02 7.564899e-02 0.000000e+00 0.000000e+00 0.000000e+00 5.023117e-09
5.765057e+05 3.018039e+05 6.522260e+11 2.284250e+06 3.591510e+08 1.346370e+07 11 -1 -1 9.989089e-01 4.160431e-02 5.142149e-03 0.000000e+00 0.000000e+00 0.000000e+00 3.350610e-12
8.038542e+05 7.469285e+04 4.781920e+10 6.185090e+05 1.114650e+06 8.148560e+05 10 -1 -1 8.739530e-01 7.748032e-02 6.549492e-02 0.000000e+00 0.000000e+00 0.000000e+00 1.342620e-08
3.981903e+05 8.139089e+04 5.024260e+10 6.339880e+05 4.906700e+07 1.497750e+07 3 -1 -1 1.249965e+00 6.601104e-02 8.590147e-02 1.098638e+00 9.911808e-02 5.619590e-02 0.000000e+00
3.154719e+05 5.317579e+04 2.612940e+10 4.572030e+05 8.380110e+06 5.034720e+06 3 -1 -1 1.163937e+00 8.922296e-02 8.720328e-02 1.407531e+00 1.098736e-01 5.929328e-02 0.000000e+00
2.079406e+06 9.696109e+04 6.859640e+10 7.407910e+05 7.092660e+06 1.719910e+06 9 -1 -1 1.008660e+00 2.075414e-01 9.741726e-02 0.000000e+00 0.000000e+00 0.000000e+00 3.812292e-09
6.363579e+05 3.094800e+05 6.862520e+11 2.343080e+06 2.087560e+09 7.137680e+07 6 -1 -1 7.349324e-01 7.842958e-03 2.510526e-02 0.000000e+00 0.000000e+00 0.000000e+00 1.640725e-09
5.791313e+05 3.342481e+05 8.028990e+11 2.534400e+06 6.126380e+07 7.840080e+06 10 -1 -1 7.788827e-01 6.010026e-03 9.032660e-03 0.000000e+00 0.000000e+00 0.000000e+00 1.587128e-10
4.808466e+05 4.078177e+04 1.653770e+10 3.637330e+05 2.863910e+06 1.936530e+06 6 -1 -1 1.194854e+00 1.503177e-01 7.238811e-02 1.151762e+00 7.958722e-02 1.259220e-01 0.000000e+00
6.552129e+05 3.931321e+04 1.352320e+10 3.289160e+05 1.393470e+06 8.267940e+05 11 -1 -1 1.178870e+00 8.196001e-03 5.474344e-02 0.000000e+00 0.000000e+00 0.000000e+00 1.366765e-09
1.585815e+06 9.087209e+04 6.455030e+10 7.186110e+05 1.180820e+06 7.905150e+05 6 -1 -1 6.978410e-01 3.195539e-02 9.135586e-02 7.289472e-01 2.270300e-01 1.706239e-01 4.125324e-08
3.962717e+05 5.570656e+04 2.405280e+10 4.386600e+05 9.014000e+05 5.157370e+05 9 -1 -1 1.333107e+00 9.285788e-02 4.456107e-02 0.000000e+00 0.000000e+00 0.000000e+00 1.779807e-09
5.032847e+05 2.871983e+05 5.921360e+11 2.176480e+06 2.995540e+10 1.952790e+09 3 -1 -1 6.126126e-01 3.615837e-02 1.160001e-02 6.638074e-01 9.555821e-02 1.297004e-01 0.000000e+00
4.260580e+05 1.790140e+05 2.322580e+11 1.363110e+06 3.108240e+07 5.353920e+06 14 -1 -1 9.534155e-01 8.566449e-02 5.470945e-02 1.088082e+00 9.051561e-02 1.116591e-01 0.000000e+00
1.971270e+05 5.890232e+04 2.496660e+10 4.469140e+05 1.898380e+06 5.703490e+05 11 -1 -1 1.282401e+00 4.817928e-02 9.021970e-02 0.000000e+00 0.000000e+00 0.000000e+00 1.050114e-10
4.206229e+05 5.145685e+04 2.197400e+10 4.192750e+05 2.037370e+07 9.615540e+06 6 -1 -1 4.110945e-01 1.157651e-01 3.495128e-02 4.615971e-01 2.676654e-02 3.481984e-02 0.000000e+00
1.131227e+05 3.648091e+04 1.165300e+10 3.053260e+05 7.997500e+05 5.199350e+05 9 -1 -1 1.104741e+00 1.171389e-01 1.364219e-01 1.087235e+00 1.198902e-01 1.054127e-01 0.000000e+00
6.581493e+05 6.042792e+04 2.726430e+10 4.670270e+05 9.867260e+05 5.082910e+05 9 -1 -1 1.360377e+00 2.165362e-01 3.919640e-02 0.000000e+00 0.000000e+00 0.000000e+00 4.944499e-09
6.696851e+05 1.799290e+05 2.325370e+11 1.363930e+06 7.051820e+06 1.868860e+06 9 -1 -1 8.724846e-01 3.625632e-02 3.093985e-02 0.000000e+00 0.000000e+00 0.000000e+00 2.496606e-09
2.115871e+06 5.777635e+04 2.390280e+10 4.372900e+05 1.938820e+06 5.462120e+05 6 -1 -1 1.072333e+00 1.486293e-01 3.936271e-02 0.000000e+00 0.000000e+00 0.000000e+00 9.356976e-09
5.696709e+05 3.036353e+05 6.602320e+11 2.298230e+06 3.369700e+07 4.768840e+06 9 -1 -1 1.012900e+00 5.398434e-02 2.122922e-02 0.000000e+00 0.000000e+00 0.000000e+00 3.785172e-10
6.436193e+05 2.521332e+05 4.581620e+11 1.914500e+06 2.135310e+07 4.053780e+06 9 -1 -1 9.705238e-01 5.879888e-02 7.652212e-03 0.000000e+00 0.000000e+00 0.000000e+00 6.955685e-10
1.219938e+06 3.037987e+05 6.608770e+11 2.299350e+06 2.804760e+08 1.210750e+07 10 -1 -1 1.007857e+00 2.341078e-02 2.133818e-02 0.000000e+00 0.000000e+00 0.000000e+00 2.509215e-11
3.404000e+06 3.098707e+05 6.875580e+11 2.345310e+06 1.599780e+08 9.542250e+06 1 -1 -1 7.311001e-01 5.112226e-02 1.258222e-02 0.000000e+00 0.000000e+00 0.000000e+00 6.372338e-10
6.127268e+05 1.798325e+05 2.369220e+11 1.376730e+06 1.470180e+07 3.635090e+06 3 -1 -1 9.578868e-01 7.539954e-02 6.743113e-02 8.317605e-01 2.524767e-01 6.168192e-02 0.000000e+00
7.812208e+05 3.038739e+05 6.612040e+11 2.299920e+06 6.144350e+08 1.715780e+07 9 -1 -1 9.880351e-01 5.081587e-02 8.873736e-03 0.000000e+00 0.000000e+00 0.000000e+00 2.145720e-12
4.065029e+05 1.785163e+05 2.450520e+11 1.400150e+06 3.217580e+08 1.081380e+08 14 -1 -1 9.478263e-01 7.582325e-02 6.154074e-02 9.321302e-01 1.598689e-01 8.564300e-02 0.000000e+00
6.912795e+05 2.541878e+05 4.626560e+11 1.923860e+06 3.256870e+07 4.235760e+06 10 -1 -1 9.973000e-01 2.414772e-02 6.024868e-02 0.000000e+00 0.000000e+00 0.000000e+00 3.499994e-10
1.904015e+06 6.272794e+04 2.961580e+10 4.867510e+05 9.822130e+08 2.779480e+08 6 -1 -1 1.395734e+00 1.992852e-01 4.552636e-02 1.386619e+00 3.866960e-01 5.926431e-01 0.000000e+00
9.100175e+05 3.353747e+05 8.053950e+11 2.538340e+06 1.371360e+08 9.314230e+06 6 -1 -1 8.052121e-01 5.433487e-02 1.654621e-02 0.000000e+00 0.000000e+00 0.000000e+00 7.857564e-11
4.235102e+05 4.347303e+04 1.732490e+10 3.722890e+05 7.247610e+06 4.295160e+06 6 -1 -1 9.786589e-01 8.167553e-02 7.580351e-02 1.288552e+00 3.006138e-01 7.602359e-02 0.000000e+00
7.014640e+05 3.039007e+05 6.621450e+11 2.301560e+06 1.294980e+09 6.195960e+07 10 -1 -1 9.853873e-01 4.622711e-02 3.250173e-02 0.000000e+00 0.000000e+00 0.000000e+00 3.045042e-09
6.645476e+05 3.109951e+05 7.215840e+11 2.402640e+06 1.065960e+07 3.936670e+06 3 -1 -1 9.877258e-01 1.533040e-02 2.652121e-02 0.000000e+00 0.000000e+00 0.000000e+00 5.881312e-09
5.966439e+05 3.204095e+05 7.351970e+11 2.425200e+06 2.227870e+07 4.108000e+06 10 -1 -1 9.872275e-01 3.309164e-02 2.796599e-02 0.000000e+00 0.000000e+00 0.000000e+00 1.116173e-09
3.798753e+05 3.290297e+05 8.177980e+11 2.557810e+06 1.021020e+07 4.140290e+06 6 -1 -1 9.977311e-01 2.098615e-02 2.657897e-02 8.950170e-01 1.660738e-01 7.087030e-02 0.000000e+00
7.583519e+05 7.340733e+04 4.391890e+10 5.927490e+05 1.076700e+08 4.772440e+07 11 -1 -1 1.141102e+00 2.613030e-01 7.661715e-02 1.101991e+00 3.173828e-03 7.205588e-02 0.000000e+00
7.040663e+05 3.201738e+04 9.850870e+09 2.807260e+05 3.173720e+08 1.998270e+08 6 -1 -1 1.287918e+00 9.173744e-02 2.301224e-02 1.237582e+00 1.413656e-01 3.040097e-01 0.000000e+00
4.436351e+05 9.791250e+04 6.864750e+10 7.410670e+05 3.659300e+06 9.666150e+05 9 -1 -1 1.056461e+00 2.071973e-01 7.170699e-02 0.000000e+00 0.000000e+00 0.000000e+00 6.526300e-10
5.726950e+05 2.381122e+05 4.068470e+11 1.804100e+06 1.258800e+07 2.796430e+06 10 -1 -1 5.213243e-01 3.294361e-02 2.035838e-02 0.000000e+00 0.000000e+00 0.000000e+00 1.326038e-09
4.338402e+05 1.806262e+05 2.415340e+11 1.390060e+06 2.172260e+07 5.652000e+06 9 -1 -1 9.810076e-01 1.462290e-01 1.923312e-02 1.232119e+00 1.152504e-01 2.306423e-02 0.000000e+00
1.949896e+05 1.795815e+05 2.309250e+11 1.359190e+06 2.522720e+07 3.115230e+06 3 -1 -1 1.104728e+00 5.421022e-02 5.101805e-02 0.000000e+00 0.000000e+00 0.000000e+00 1.636694e-11
3.829870e+05 3.351860e+05 9.629580e+11 2.775550e+06 8.325400e+06 5.065540e+06 14 -1 -1 1.004035e+00 7.911512e-02 2.923775e-02 9.227058e-01 3.427025e-02 5.927574e-02 0.000000e+00
6.759524e+05 3.211809e+05 7.386660e+11 2.430910e+06 7.763580e+07 7.071210e+06 9 -1 -1 9.408433e-01 3.915318e-02 2.025539e-02 0.000000e+00 0.000000e+00 0.000000e+00 1.188105e-10
2.198006e+05 6.468943e+04 3.187590e+10 5.049830e+05 5.897740e+06 2.012380e+06 10 -1 -1 1.311536e+00 1.127628e-01 2.454942e-02 1.344442e+00 1.345939e-01 5.528639e-02 0.000000e+00
8.145283e+05 2.465473e+05 4.352600e+11 1.866030e+06 2.441740e+08 1.013700e+07 10 -1 -1 1.147474e+00 4.410777e-02 2.465046e-02 0.000000e+00 0.000000e+00 0.000000e+00 7.888846e-12
5.884771e+05 8.158604e+04 5.029050e+10 6.342900e+05 1.563570e+07 4.757990e+06 1 -1 -1 1.296347e+00 1.511303e-01 7.261633e-02 1.132899e+00 2.647115e-01 3.714712e-02 9.163477e-10
9.014599e+05 3.099075e+05 6.910610e+11 2.351270e+06 5.851170e+08 5.400930e+07 10 -1 -1 7.223041e-01 5.109077e-02 1.544938e-02 7.161407e-01 2.447731e-01 4.102674e-02 4.304695e-09
3.073701e+05 2.885042e+05 5.960090e+11 2.183590e+06 6.807990e+07 6.284810e+06 9 -1 -1 6.135061e-01 3.301590e-02 2.634428e-02 0.000000e+00 0.000000e+00 0.000000e+00 2.315473e-11
1.291499e+06 1.862989e+05 2.485240e+11 1.410030e+06 4.739420e+06 1.581780e+06 10 -1 -1 9.345859e-01 3.970570e-02 5.557992e-02 0.000000e+00 0.000000e+00 0.000000e+00 2.271259e-08
4.585111e+05 3.222667e+05 7.436680e+11 2.439130e+06 1.504200e+08 9.490370e+06 10 -1 -1 9.489611e-01 4.858092e-02 1.689999e-02 0.000000e+00 0.000000e+00 0.000000e+00 1.471057e-11
2.081720e+06 8.544806e+04 5.330160e+10 6.530030e+05 1.354540e+08 2.429510e+07 9 -1 -1 1.167416e+00 1.148185e-01 1.465371e-01 0.000000e+00 0.000000e+00 0.000000e+00 9.773240e-10
5.620495e+05 3.590406e+04 1.244750e+10 3.155630e+05 1.916230e+06 1.268480e+06 3 -1 -1 7.038904e-01 7.631025e-02 5.928689e-02 6.648905e-01 2.931010e-02 1.015949e-01 0.000000e+00
6.178878e+05 2.467290e+05 4.359020e+11 1.867410e+06 1.828620e+08 8.919390e+06 1 -1 -1 1.168013e+00 4.593024e-02 3.552878e-02 0.000000e+00 0.000000e+00 0.000000e+00 8.112065e-12
4.331547e+05 3.207283e+04 1.004570e+10 2.834880e+05 1.656320e+06 1.113800e+06 14 -1 -1 1.401874e+00 1.592008e-01 4.250083e-02 1.290726e+00 8.844868e-02 2.825912e-02 0.000000e+00
2.770758e+05 2.542632e+05 4.639240e+11 1.926500e+06 5.723990e+08 3.627640e+07 1 -1 -1 1.038985e+00 3.896472e-02 1.982428e-02 1.277983e+00 2.097888e-01 1.715240e-02 0.000000e+00
5.342747e+05 3.388721e+04 9.495600e+09 2.756170e+05 6.073790e+05 3.813070e+05 2 -1 -1 1.359794e+00 1.679359e-01 1.258788e-02 0.000000e+00 0.000000e+00 0.000000e+00 1.767536e-09
5.092485e+05 1.230850e+05 1.084820e+11 9.315890e+05 2.871470e+07 2.667820e+06 2 -1 -1 1.013063e+00 4.777240e-02 1.094736e-01 0.000000e+00 0.000000e+00 0.000000e+00 2.774372e-11
2.849101e+05 5.704095e+04 2.449340e+10 4.426590e+05 8.331920e+05 4.696970e+05 10 -1 -1 1.329170e+00 1.265981e-01 5.951114e-02 0.000000e+00 0.000000e+00 0.000000e+00 1.106557e-09
2.612547e+05 1.802948e+05 2.332100e+11 1.365900e+06 2.923850e+07 3.652150e+06 10 -1 -1 1.087437e+00 1.310323e-01 8.687646e-02 0.000000e+00 0.000000e+00 0.000000e+00 2.219789e-11
6.587444e+05 3.355461e+05 8.062190e+11 2.539640e+06 3.338730e+08 1.382500e+07 3 -1 -1 8.024333e-01 2.682105e-02 1.373500e-02 0.000000e+00 0.000000e+00 0.000000e+00 6.957069e-12
6.403296e+05 8.866661e+04 5.630060e+10 6.711220e+05 2.170240e+06 7.425220e+05 3 -1 -1 1.142347e+00 8.518654e-02 1.382165e-01 0.000000e+00 0.000000e+00 0.000000e+00 2.871025e-09
8.031119e+05 8.218950e+04 5.598200e+10 6.692210e+05 6.394440e+06 3.128760e+06 14 -1 -1 1.238626e+00 1.638882e-01 6.709447e-02 1.225050e+00 1.000881e-01 1.035286e-01 2.330562e-09
4.959616e+05 4.372634e+04 1.427740e+10 3.379630e+05 6.885450e+05 3.624480e+05 6 -1 -1 1.139232e+00 1.071886e-01 6.868889e-02 0.000000e+00 0.000000e+00 0.000000e+00 2.185133e-09
1.075800e+06 5.747636e+04 2.391980e+10 4.374460e+05 1.336990e+06 5.016630e+05 6 -1 -1 1.080037e+00 1.102178e-01 1.349307e-01 0.000000e+00 0.000000e+00 0.000000e+00 5.913142e-09
7.763073e+05 1.231997e+05 1.423160e+11 1.067020e+06 1.213110e+08 7.381030e+07 10 -1 -1 1.022213e+00 5.574699e-02 1.122690e-01 1.060065e+00 2.028848e-01 9.721512e-02 0.000000e+00
9.058845e+05 5.961293e+04 2.892070e+10 4.810040e+05 1.528140e+06 8.295640e+05 3 -1 -1 6.418879e-01 7.910420e-02 1.022112e-01 0.000000e+00 0.000000e+00 0.000000e+00 4.266840e-09
4.789689e+05 5.114293e+04 2.052240e+10 4.051900e+05 1.441940e+06 6.918730e+05 14 -1 -1 1.254303e+00 2.176838e-01 7.924397e-02 0.000000e+00 0.000000e+00 0.000000e+00 1.670995e-09
6.197333e+05 6.628074e+04 3.303540e+10 5.140850e+05 2.742970e+06 9.979870e+05 14 -1 -1 1.239336e+00 1.180591e-01 5.870395e-02 0.000000e+00 0.000000e+00 0.000000e+00 1.962234e-09
5.328761e+05 3.225477e+05 7.449660e+11 2.441260e+06 2.035740e+08 1.085800e+07 10 -1 -1 9.736090e-01 2.645746e-02 7.711390e-03 0.000000e+00 0.000000e+00 0.000000e+00 1.087646e-11
2.299861e+05 4.274798e+04 1.369130e+10 3.309540e+05 6.978950e+05 3.631990e+05 3 -1 -1 1.083684e+00 7.494322e-02 2.781797e-02 0.000000e+00 0.000000e+00 0.000000e+00 4.295010e-10
2.133545e+06 3.356306e+05 8.066250e+11 2.540280e+06 6.346020e+08 1.839390e+07 10 -1 -1 8.077906e-01 3.551722e-02 1.976720e-02 0.000000e+00 0.000000e+00 0.000000e+00 2.021544e-11
9.097169e+05 5.417335e+04 2.277380e+10 4.268370e+05 6.385970e+05 4.667370e+05 14 -1 -1 0.000000e+00 0.000000e+00 0.000000e+00 0.000000e+00 0.000000e+00 0.000000e+00 9.427236e-09
8.157112e+05 3.103132e+05 6.903520e+11 2.350070e+06 1.149690e+08 9.487780e+06 10 -1 -1 7.215967e-01 3.639825e-02 1.004286e-02 0.000000e+00 0.000000e+00 0.000000e+00 7.128414e-11
7.329819e+05 6.685232e+04 3.200230e+10 5.059830e+05 1.487750e+06 5.403880e+05 1 -1 -1 1.413173e+00 3.798409e-01 1.169134e-01 0.000000e+00 0.000000e+00 0.000000e+00 3.430617e-09
1.147669e+06 7.133560e+04 3.816900e+10 5.525860e+05 2.923280e+06 1.051440e+06 10 -1 -1 1.119411e+00 2.455948e-01 8.071958e-02 0.000000e+00 0.000000e+00 0.000000e+00 2.837482e-09
9.400508e+05 3.890672e+04 1.326940e+10 3.258140e+05 1.340000e+06 8.007700e+05 9 -1 -1 1.249459e+00 1.167766e-01 2.653339e-02 0.000000e+00 0.000000e+00 0.000000e+00 1.857121e-09
7.603196e+05 3.227640e+05 7.459660e+11 2.442890e+06 3.738650e+08 1.422710e+07 10 -1 -1 1.020210e+00 4.423799e-02 3.767933e-03 0.000000e+00 0.000000e+00 0.000000e+00 6.578327e-12
5.722455e+05 2.551389e+05 4.661250e+11 1.931060e+06 5.548130e+07 5.361440e+06 9 -1 -1 9.351389e-01 4.529648e-02 5.320603e-02 0.000000e+00 0.000000e+00 0.000000e+00 8.357944e-11
4.768941e+05 2.470658e+05 4.370930e+11 1.869960e+06 1.805250e+08 8.875350e+06 9 -1 -1 1.183798e+00 4.076929e-02 2.478060e-02 0.000000e+00 0.000000e+00 0.000000e+00 4.978571e-12
5.615321e+05 2.587069e+05 5.005660e+11 2.001130e+06 1.285010e+07 4.314780e+06 6 -1 -1 9.301822e-01 5.128987e-02 4.955910e-02 1.023145e+00 5.416567e-02 1.331642e-01 0.000000e+00
4.331945e+05 5.453805e+04 2.497830e+10 4.470200e+05 1.466990e+07 7.185810e+06 2 -1 -1 1.059723e+00 1.439805e-01 6.809408e-02 1.316798e+00 1.390745e-01 1.712436e-02 0.000000e+00
1.114140e+06 7.411453e+04 4.632000e+10 6.087360e+05 1.099460e+07 5.497980e+06 6 -1 -1 1.085489e+00 2.707129e-01 7.554622e-02 9.907540e-01 5.558852e-02 1.349514e-01 1.023622e-09
5.925961e+05 3.398198e+04 1.278460e+10 3.198070e+05 2.896650e+08 2.115120e+08 2 -1 -1 1.350830e+00 8.587193e-02 4.334485e-02 1.220048e+00 1.589918e-01 3.813598e-02 0.000000e+00
5.120183e+05 5.190072e+04 2.753200e+10 4.693140e+05 5.596960e+06 3.851090e+06 6 -1 -1 1.063432e+00 1.718733e-01 1.487840e-01 1.332851e+00 9.302367e-02 2.979917e-02 0.000000e+00
3.496570e+05 8.438104e+04 5.393830e+10 6.568910e+05 2.288130e+06 9.830230e+05 2 -1 -1 1.205701e+00 1.636618e-01 5.697460e-02 0.000000e+00 0.000000e+00 0.000000e+00 7.221754e-10
7.595580e+05 6.413758e+04 3.602980e+10 5.368790e+05 3.038940e+06 1.749580e+06 6 -1 -1 9.506059e-01 1.731196e-01 4.433080e-02 1.013521e+00 7.536989e-02 1.011409e-01 3.080455e-09
6.096716e+05 2.889014e+05 5.983380e+11 2.187850e+06 1.709480e+09 7.740290e+07 10 -1 -1 6.135432e-01 2.787055e-02 1.556283e-02 0.000000e+00 0.000000e+00 0.000000e+00 2.342506e-09
5.394785e+05 8.621084e+04 6.615670e+10 7.274980e+05 6.189330e+08 3.443080e+08 11 -1 -1 1.208194e+00 1.568238e-01 2.683969e-02 1.404161e+00 1.872084e-01 2.158995e-02 0.000000e+00
1.749959e+06 4.058950e+04 1.398980e+10 3.345420e+05 6.019010e+05 4.342930e+05 14 -1 -1 0.000000e+00 0.000000e+00 0.000000e+00 0.000000e+00 0.000000e+00 0.000000e+00 4.538871e-09
4.088645e+05 2.811407e+04 7.978090e+09 2.526360e+05 7.664530e+05 5.706170e+05 11 -1 -1 1.330370e+00 7.795812e-02 1.272456e-01 1.267905e+00 1.086398e-01 1.324356e-01 0.000000e+00
3.836644e+05 7.416183e+04 3.968020e+10 5.634200e+05 5.631510e+06 1.141660e+06 14 -1 -1 1.100709e+00 2.242720e-01 5.426615e-02 0.000000e+00 0.000000e+00 0.000000e+00 9.057094e-11
3.828933e+05 6.384053e+04 3.536820e+10 5.319260e+05 4.913300e+08 2.592100e+08 3 -1 -1 1.150712e+00 8.524983e-02 1.117233e-01 1.277301e+00 2.329058e-01 9.865269e-02 0.000000e+00
6.382720e+05 3.231546e+05 7.477720e+11 2.445850e+06 1.493490e+08 9.474880e+06 10 -1 -1 1.021703e+00 5.308248e-02 9.136234e-03 0.000000e+00 0.000000e+00 0.000000e+00 2.915642e-11
4.525448e+05 3.370138e+05 8.132870e+11 2.550740e+06 5.228870e+07 6.106040e+06 3 -1 -1 7.884638e-01 1.283539e-02 1.114567e-02 0.000000e+00 0.000000e+00 0.000000e+00 1.356277e-10
2.806815e+05 6.035996e+04 2.851070e+10 4.775830e+05 2.205710e+06 9.853690e+05 6 -1 -1 7.554463e-01 1.595812e-01 1.384876e-01 7.021615e-01 1.843131e-01 1.457706e-01 0.000000e+00
5.657564e+05 3.233948e+05 7.490110e+11 2.447870e+06 2.262330e+08 1.190020e+07 10 -1 -1 1.019995e+00 5.142508e-02 2.136075e-02 0.000000e+00 0.000000e+00 0.000000e+00 1.000813e-11
4.778159e+05 5.773379e+04 2.762530e+10 4.701090e+05 1.038480e+06 6.538760e+05 11 -1 -1 1.012885e+00 1.359013e-01 5.493336e-02 9.048736e-01 1.070968e-01 3.635570e-02 0.000000e+00
4.230865e+05 8.953576e+04 6.518720e+10 7.221480e+05 1.950190e+06 1.106080e+06 10 -1 -1 4.628105e-01 2.550539e-02 1.404572e-01 4.685059e-01 8.357958e-02 8.214325e-02 0.000000e+00
5.132520e+05 9.691945e+04 6.811390e+10 7.381810e+05 7.427860e+06 1.628900e+06 9 -1 -1 1.030435e+00 2.214205e-01 8.035067e-02 0.000000e+00 0.000000e+00 0.000000e+00 2.095377e-10
5.788470e+05 3.234346e+05 7.512780e+11 2.451580e+06 1.689010e+09 1.197950e+08 3 -1 -1 1.020618e+00 5.119624e-02 2.485440e-02 1.040068e+00 1.722996e-01 7.553074e-02 1.778668e-10
1.125377e+06 1.812412e+05 2.360560e+11 1.374210e+06 3.167410e+09 2.446340e+08 9 -1 -1 1.066229e+00 9.327194e-02 7.518730e-02 1.129310e+00 3.010053e-01 1.216381e-01 5.105800e-11
4.402910e+05 2.471553e+05 4.380950e+11 1.872100e+06 4.186010e+08 2.405800e+07 3 -1 -1 1.180221e+00 6.039015e-02 1.871434e-02 0.000000e+00 0.000000e+00 0.000000e+00 2.364537e-09
4.621571e+05 1.311969e+05 1.243030e+11 9.972090e+05 2.248340e+06 1.004890e+06 1 -1 -1 1.218306e+00 2.421113e-01 1.277823e-02 0.000000e+00 0.000000e+00 0.000000e+00 4.571451e-09
6.322237e+05 5.630195e+04 2.510810e+10 4.481790e+05 8.209730e+05 5.223300e+05 6 -1 -1 1.036836e+00 2.214063e-01 1.294813e-01 0.000000e+00 0.000000e+00 0.000000e+00 5.824775e-09
4.689391e+05 3.236478e+05 7.500640e+11 2.449590e+06 2.443290e+08 1.183030e+07 6 -1 -1 1.031297e+00 5.870199e-02 2.544420e-02 0.000000e+00 0.000000e+00 0.000000e+00 5.907495e-12
1.835174e+06 3.711307e+04 1.270880e+10 3.188580e+05 6.773460e+05 5.027300e+05 10 -1 -1 0.000000e+00 0.000000e+00 0.000000e+00 0.000000e+00 0.000000e+00 0.000000e+00 3.929983e-09
1.008491e+06 4.916157e+04 1.922330e+10 3.921570e+05 1.234990e+06 6.363980e+05 14 -1 -1 1.224460e+00 1.549376e-01 1.555550e-02 0.000000e+00 0.000000e+00 0.000000e+00 4.387677e-09
4.590071e+05 1.022361e+05 7.645590e+10 7.820790e+05 2.574560e+07 5.172320e+06 9 -1 -1 9.827671e-01 1.570320e-01 1.819503e-02 8.284372e-01 6.107664e-02 4.113800e-02 1.308872e-09
9.297807e+05 1.916145e+05 2.629090e+11 1.450270e+06 3.918330e+06 1.503440e+06 6 -1 -1 9.239380e-01 8.881418e-02 3.660093e-02 0.000000e+00 0.000000e+00 0.000000e+00 1.873880e-08
4.131924e+05 3.106767e+05 6.913450e+11 2.351760e+06 2.764210e+08 1.339480e+07 9 -1 -1 7.398920e-01 3.696212e-02 1.248184e-02 0.000000e+00 0.000000e+00 0.000000e+00 3.170883e-12
6.164027e+05 2.484577e+05 4.421660e+11 1.880780e+06 4.310880e+07 4.807290e+06 2 -1 -1 1.172089e+00 6.394713e-02 1.753015e-02 0.000000e+00 0.000000e+00 0.000000e+00 1.484051e-10
6.624240e+05 2.484820e+05 4.426460e+11 1.881800e+06 6.826720e+09 3.056280e+08 11 -1 -1 1.176209e+00 6.931660e-02 1.801615e-02 1.314800e+00 2.139465e-01 1.004081e-01 7.313154e-11
6.316708e+05 5.890802e+04 2.686140e+10 4.635640e+05 7.659260e+05 5.010040e+05 9 -1 -1 1.077310e+00 6.383845e-02 8.236320e-02 0.000000e+00 0.000000e+00 0.000000e+00 7.392233e-09
9.041563e+05 4.420491e+04 1.632950e+10 3.614360e+05 1.397160e+06 7.703260e+05 9 -1 -1 1.258451e+00 1.169877e-01 5.842063e-02 0.000000e+00 0.000000e+00 0.000000e+00 2.157391e-09
1.061514e+06 5.071797e+04 1.985440e+10 3.985410e+05 7.647000e+05 4.501660e+05 9 -1 -1 0.000000e+00 0.000000e+00 0.000000e+00 0.000000e+00 0.000000e+00 0.000000e+00 7.673913e-09
4.804599e+05 1.202775e+05 1.082750e+11 9.306980e+05 8.742770e+06 2.721270e+06 3 -1 -1 1.313863e+00 8.993658e-02 6.653592e-02 1.339421e+00 1.218873e-01 7.037742e-02 1.066703e-09
1.397350e+06 7.201159e+04 4.214630e+10 5.806640e+05 1.324270e+06 7.955120e+05 11 -1 -1 1.266024e+00 1.654438e-01 3.962999e-02 0.000000e+00 0.000000e+00 0.000000e+00 2.171383e-08
1.781956e+05 8.685629e+04 5.564190e+10 6.671840e+05 8.782150e+06 2.249280e+06 1 -1 -1 1.282397e+00 9.925240e-02 7.208504e-02 1.198611e+00 1.770168e-01 4.677729e-02 0.000000e+00
5.409682e+05 1.889905e+05 2.685330e+11 1.465690e+06 2.550680e+07 7.620830e+06 6 -1 -1 9.650772e-01 1.071413e-01 5.373229e-02 9.268712e-01 5.587781e-02 1.242082e-01 0.000000e+00
1.033895e+06 5.353954e+04 2.184310e+10 4.180250e+05 1.716500e+06 7.153200e+05 14 -1 -1 1.264649e+00 1.246232e-01 9.058024e-02 0.000000e+00 0.000000e+00 0.000000e+00 2.891434e-09
9.335338e+05 3.236956e+05 7.502780e+11 2.449940e+06 1.018830e+09 2.225190e+07 6 -1 -1 1.029980e+00 6.010919e-02 2.277571e-02 0.000000e+00 0.000000e+00 0.000000e+00 1.346980e-12
3.618096e+05 9.841013e+04 7.367440e+10 7.677210e+05 4.017490e+07 1.262470e+07 10 -1 -1 9.588995e-01 1.613387e-01 8.211272e-02 9.306642e-01 1.844572e-01 8.601340e-02 0.000000e+00
4.754509e+05 4.196218e+04 1.332760e+10 3.265280e+05 4.826260e+05 3.378200e+05 9 -1 -1 0.000000e+00 0.000000e+00 0.000000e+00 0.000000e+00 0.000000e+00 0.000000e+00 4.220440e-09
1.462732e+06 1.308715e+05 1.253830e+11 1.001530e+06 2.277370e+07 4.834380e+06 1 -1 -1 1.234275e+00 2.487036e-01 3.052716e-02 0.000000e+00 0.000000e+00 0.000000e+00 4.939102e-09
7.843209e+05 7.858940e+04 4.815810e+10 6.206970e+05 9.273100e+05 6.886990e+05 2 -1 -1 1.273073e+00 1.123901e-01 3.326491e-02 0.000000e+00 0.000000e+00 0.000000e+00 1.866449e-08
3.553120e+06 4.969229e+04 2.036740e+10 4.036580e+05 5.743020e+06 2.719910e+06 3 -1 -1 4.045232e-01 2.395146e-01 5.137256e-01 0.000000e+00 0.000000e+00 0.000000e+00 2.746740e-09
4.580001e+05 7.105342e+04 3.658150e+10 5.409730e+05 1.905800e+06 6.635540e+05 3 -1 -1 1.380687e+00 2.226471e-01 8.198096e-02 0.000000e+00 0.000000e+00 0.000000e+00 9.975683e-10
5.946714e+05 3.109489e+05 6.923510e+11 2.353470e+06 2.267480e+08 1.116030e+07 11 -1 -1 7.223796e-01 3.073943e-02 3.226960e-02 0.000000e+00 0.000000e+00 0.000000e+00 9.782086e-12
6.877466e+05 2.502775e+05 4.485310e+11 1.894270e+06 1.917370e+08 9.181610e+06 11 -1 -1 1.179390e+00 7.214428e-02 1.946858e-02 0.000000e+00 0.000000e+00 0.000000e+00 9.541349e-12
6.291525e+05 4.551203e+04 1.766720e+10 3.759490e+05 1.825550e+06 1.014950e+06 10 -1 -1 1.274377e+00 2.254308e-01 5.929540e-02 0.000000e+00 0.000000e+00 0.000000e+00 1.791970e-09
6.055859e+05 5.564118e+04 2.429530e+10 4.408660e+05 1.506120e+06 7.312700e+05 14 -1 -1 1.007364e+00 1.193528e-01 3.686616e-02 0.000000e+00 0.000000e+00 0.000000e+00 2.203921e-09
3.505784e+05 2.512420e+05 4.519940e+11 1.901570e+06 4.221000e+07 4.713620e+06 14 -1 -1 1.176125e+00 4.371822e-02 2.664169e-02 0.000000e+00 0.000000e+00 0.000000e+00 5.175030e-11
4.036885e+05 7.150501e+04 3.942380e+10 5.615960e+05 4.340880e+07 1.491300e+07 9 -1 -1 1.370082e+00 1.990468e-01 5.084804e-02 1.199124e+00 1.589327e-01 7.752089e-02 0.000000e+00
5.915193e+05 1.993685e+05 2.901830e+11 1.523640e+06 3.651320e+06 1.631770e+06 10 -1 -1 9.802698e-01 5.354812e-02 6.223157e-02 0.000000e+00 0.000000e+00 0.000000e+00 1.012794e-08
4.864556e+05 5.075343e+04 1.940670e+10 3.940230e+05 1.851920e+06 7.052190e+05 3 -1 -1 1.406451e+00 1.917367e-01 7.617547e-02 0.000000e+00 0.000000e+00 0.000000e+00 9.678497e-10
4.546594e+05 7.416744e+04 4.271690e+10 5.845810e+05 2.321750e+06 1.047070e+06 9 -1 -1 9.006627e-01 2.029575e-01 9.407176e-02 8.845304e-01 9.044446e-02 9.507231e-02 1.646729e-09
3.598883e+05 3.120514e+05 7.003510e+11 2.367030e+06 5.120380e+07 7.055070e+06 3 -1 -1 7.264800e-01 1.904923e-02 3.526506e-02 0.000000e+00 0.000000e+00 0.000000e+00 7.147906e-11
7.164448e+05 1.822139e+05 2.407850e+11 1.387900e+06 8.729510e+07 1.337660e+07 3 -1 -1 1.066365e+00 1.366171e-01 5.836251e-02 1.526372e+00 2.742040e-01 3.101749e-02 4.223980e-09
9.753185e+05 1.312073e+05 1.267450e+11 1.006960e+06 2.198110e+07 5.121870e+06 9 -1 -1 1.199938e+00 2.099660e-01 3.537087e-02 0.000000e+00 0.000000e+00 0.000000e+00 6.048253e-09
3.594606e+05 3.239405e+05 7.514140e+11 2.451800e+06 5.317380e+08 1.667160e+07 6 -1 -1 1.023397e+00 2.516781e-02 1.518203e-02 0.000000e+00 0.000000e+00 0.000000e+00 7.348513e-13
1.093862e+06 5.376167e+04 2.628030e+10 4.585220e+05 1.400220e+06 9.271900e+05 9 -1 -1 1.001327e+00 8.476463e-02 1.643278e-02 0.000000e+00 0.000000e+00 0.000000e+00 6.418721e-09
4.711955e+05 2.890520e+05 6.010490e+11 2.192800e+06 1.237590e+09 1.095870e+08 9 -1 -1 6.145537e-01 3.539366e-02 4.745873e-03 6.907508e-01 1.109734e-01 9.205932e-02 0.000000e+00
4.504712e+05 4.355477e+04 1.970640e+10 3.970540e+05 3.765590e+06 2.647740e+06 14 -1 -1 1.159086e+00 1.007005e-01 9.748259e-02 1.233476e+00 1.240025e-01 7.639056e-02 0.000000e+00
7.615389e+05 4.613697e+04 1.832310e+10 3.828640e+05 2.022740e+06 1.134430e+06 10 -1 -1 1.340874e+00 8.691509e-02 5.099279e-02 0.000000e+00 0.000000e+00 0.000000e+00 1.925961e-09
5.047404e+05 2.006581e+05 2.887430e+11 1.519850e+06 3.777540e+07 4.310770e+06 6 -1 -1 9.641731e-01 4.882019e-02 4.070178e-02 0.000000e+00 0.000000e+00 0.000000e+00 6.838478e-11
1.811748e+06 3.378227e+05 8.171960e+11 2.556870e+06 5.772260e+08 1.769890e+07 6 -1 -1 8.354800e-01 1.658180e-02 3.149923e-02 0.000000e+00 0.000000e+00 0.000000e+00 1.796670e-11
5.225990e+05 3.374160e+05 8.386870e+11 2.590270e+06 7.717690e+06 3.171090e+06 9 -1 -1 1.026991e+00 4.038443e-02 2.315784e-02 0.000000e+00 0.000000e+00 0.000000e+00 8.694358e-09
4.121651e+05 3.380042e+05 8.180740e+11 2.558240e+06 3.228260e+08 1.367530e+07 6 -1 -1 8.352727e-01 2.383968e-02 2.558429e-02 0.000000e+00 0.000000e+00 0.000000e+00 2.977615e-12
7.173972e+05 2.555399e+05 4.817860e+11 1.963240e+06 5.337040e+08 1.181660e+08 3 -1 -1 7.872129e-01 1.301066e-02 2.747256e-02 9.793857e-01 2.077043e-01 1.515038e-01 0.000000e+00
2.420989e+05 2.013544e+05 2.903160e+11 1.523980e+06 5.089080e+07 4.521090e+06 6 -1 -1 9.386593e-01 8.182172e-02 6.912047e-02 0.000000e+00 0.000000e+00 0.000000e+00 8.739536e-12
1.641698e+06 5.716614e+04 2.422210e+10 4.402010e+05 1.889730e+06 6.821840e+05 9 -1 -1 1.264130e+00 3.574817e-01 6.826846e-02 0.000000e+00 0.000000e+00 0.000000e+00 7.023906e-09
6.091765e+05 3.381504e+05 8.189690e+11 2.559640e+06 3.772980e+08 1.609760e+07 9 -1 -1 8.311922e-01 1.959523e-02 1.901172e-02 0.000000e+00 0.000000e+00 0.000000e+00 4.769718e-12
6.897478e+05 4.191084e+04 1.888510e+10 3.886910e+05 2.640670e+06 1.937270e+06 3 -1 -1 1.253732e+00 1.025141e-01 2.682674e-02 1.145222e+00 1.719974e-01 6.202162e-02 0.000000e+00
4.574606e+05 3.498281e+05 1.040130e+12 2.884620e+06 1.028360e+07 5.950480e+06 10 -1 -1 8.448537e-01 5.577531e-02 4.926109e-02 8.049750e-01 6.069878e-02 8.057349e-02 0.000000e+00
4.017412e+05 2.393597e+05 4.102520e+11 1.811630e+06 3.449360e+07 4.198800e+06 6 -1 -1 5.211229e-01 2.004185e-02 1.300489e-02 0.000000e+00 0.000000e+00 0.000000e+00 8.799665e-11
1.029694e+06 3.385651e+05 8.207920e+11 2.562490e+06 1.687030e+08 1.026330e+07 3 -1 -1 8.382913e-01 4.961704e-02 1.401941e-02 0.000000e+00 0.000000e+00 0.000000e+00 6.839014e-11
8.732324e+05 7.461093e+04 4.170660e+10 5.776270e+05 3.859410e+06 1.297720e+06 3 -1 -1 9.740969e-01 2.095802e-01 6.930099e-02 0.000000e+00 0.000000e+00 0.000000e+00 2.377404e-09
6.487746e+05 2.016607e+05 2.912000e+11 1.526300e+06 7.576750e+07 5.394740e+06 3 -1 -1 9.251615e-01 1.493055e-02 8.270092e-02 0.000000e+00 0.000000e+00 0.000000e+00 2.844350e-11
3.130254e+06 3.127997e+05 7.006180e+11 2.367480e+06 7.476190e+08 1.902520e+07 3 -1 -1 7.135567e-01 3.376033e-02 2.722413e-02 0.000000e+00 0.000000e+00 0.000000e+00 2.538020e-11
9.535586e+05 3.422805e+05 8.389050e+11 2.590610e+06 3.132620e+08 1.358850e+07 11 -1 -1 1.046862e+00 4.073858e-02 2.810891e-03 0.000000e+00 0.000000e+00 0.000000e+00 1.757609e-11
5.992394e+05 2.555401e+05 4.716310e+11 1.942430e+06 6.590310e+08 7.940550e+07 2 -1 -1 8.420347e-01 1.328067e-01 4.087636e-02 7.637948e-01 5.239818e-02 1.896104e-01 0.000000e+00
5.035274e+05 1.205295e+05 1.040250e+11 9.122490e+05 8.592610e+06 1.558790e+06 3 -1 -1 1.301954e+00 2.786841e-02 6.603461e-02 0.000000e+00 0.000000e+00 0.000000e+00 2.844301e-10
1.284297e+06 3.450636e+05 8.526030e+11 2.611670e+06 2.956900e+07 4.829200e+06 3 -1 -1 1.043152e+00 3.613116e-02 1.021129e-02 0.000000e+00 0.000000e+00 0.000000e+00 3.666503e-09
2.649812e+05 1.210140e+05 1.059130e+11 9.204920e+05 2.411270e+07 3.801120e+06 9 -1 -1 1.324863e+00 5.481868e-02 4.414942e-02 1.263546e+00 6.424843e-02 1.102551e-01 0.000000e+00
9.390229e+05 2.515369e+05 4.543610e+11 1.906540e+06 1.079820e+09 7.603930e+07 1 -1 -1 1.178949e+00 5.593325e-02 2.660585e-02 1.354433e+00 2.913416e-01 4.125329e-02 2.244330e-09
8.212042e+05 5.127989e+04 2.014780e+10 4.014750e+05 6.344750e+05 4.226600e+05 1 -1 -1 0.000000e+00 0.000000e+00 0.000000e+00 0.000000e+00 0.000000e+00 0.000000e+00 7.844652e-09
7.022831e+05 2.516117e+05 4.538420e+11 1.905450e+06 7.159330e+08 3.409980e+07 10 -1 -1 1.180747e+00 6.583518e-02 2.345602e-02 0.000000e+00 0.000000e+00 0.000000e+00 1.712344e-09
1.049998e+06 3.452210e+05 8.533810e+11 2.612860e+06 2.542080e+08 1.244410e+07 9 -1 -1 1.041756e+00 2.201872e-02 1.533096e-02 0.000000e+00 0.000000e+00 0.000000e+00 3.320373e-11
8.803284e+05 6.450580e+04 3.240320e+10 5.091420e+05 2.430340e+07 8.891940e+06 11 -1 -1 1.123981e+00 2.350965e-01 1.086306e-01 1.232533e+00 1.129379e-01 9.255282e-03 1.919403e-10
9.447971e+05 3.127982e+05 7.022220e+11 2.370180e+06 5.321520e+10 3.289620e+09 10 -1 -1 7.078088e-01 6.159122e-02 7.131170e-03 7.285060e-01 6.081993e-02 2.378710e-01 0.000000e+00
5.043288e+05 3.453057e+05 8.538320e+11 2.613550e+06 6.527990e+08 1.949090e+07 6 -1 -1 1.041834e+00 2.397307e-02 1.221569e-02 0.000000e+00 0.000000e+00 0.000000e+00 1.162526e-12
1.478175e+06 4.071134e+04 1.305880e+10 3.232190e+05 6.139970e+05 3.787730e+05 1 -1 -1 0.000000e+00 0.000000e+00 0.000000e+00 0.000000e+00 0.000000e+00 0.000000e+00 4.093445e-09
6.521919e+05 3.386754e+05 8.525150e+11 2.611540e+06 2.629440e+08 6.518170e+07 10 -1 -1 8.279918e-01 6.976700e-02 1.669145e-02 9.753000e-01 2.219710e-01 2.641479e-02 0.000000e+00
8.006096e+05 3.388738e+05 8.222890e+11 2.564820e+06 2.011000e+08 1.110010e+07 3 -1 -1 8.362066e-01 9.731018e-02 1.035724e-02 0.000000e+00 0.000000e+00 0.000000e+00 2.917634e-11
5.783869e+05 3.138234e+05 7.052110e+11 2.375220e+06 5.966240e+07 6.216150e+06 3 -1 -1 7.039095e-01 2.610136e-02 7.526428e-03 0.000000e+00 0.000000e+00 0.000000e+00 1.374006e-10
1.294558e+06 2.556720e+05 4.680740e+11 1.935100e+06 2.227920e+08 9.931410e+06 3 -1 -1 8.393074e-01 6.812355e-02 4.064887e-02 0.000000e+00 0.000000e+00 0.000000e+00 2.669251e-11
6.743683e+05 3.392751e+05 8.242380e+11 2.567860e+06 1.598730e+08 1.003340e+07 13 -1 -1 8.454268e-01 7.405756e-02 1.345036e-02 0.000000e+00 0.000000e+00 0.000000e+00 3.286999e-11
5.712266e+05 3.393980e+05 8.248550e+11 2.568820e+06 4.574910e+08 1.621070e+07 13 -1 -1 8.452035e-01 3.962832e-02 1.891308e-02 0.000000e+00 0.000000e+00 0.000000e+00 2.883314e-12
4.162046e+06 4.647414e+04 1.760350e+10 3.752700e+05 7.672470e+06 3.460680e+06 3 -1 -1 3.558441e-01 2.030948e-01 4.039646e-01 0.000000e+00 0.000000e+00 0.000000e+00 1.696740e-09
1.255394e+06 3.362889e+04 8.797410e+09 2.652910e+05 5.379240e+05 3.123190e+05 10 -1 -1 0.000000e+00 0.000000e+00 0.000000e+00 0.000000e+00 0.000000e+00 0.000000e+00 2.263413e-09
4.361715e+05 2.520634e+05 4.549550e+11 1.907780e+06 8.208850e+07 6.329970e+06 14 -1 -1 1.177908e+00 2.493822e-02 1.690155e-02 0.000000e+00 0.000000e+00 0.000000e+00 2.138830e-11
9.176777e+05 3.400399e+05 8.279580e+11 2.573650e+06 1.060320e+08 8.376910e+06 3 -1 -1 8.446741e-01 8.212420e-02 1.854774e-02 0.000000e+00 0.000000e+00 0.000000e+00 1.393140e-10
3.020230e+05 2.521063e+05 4.563980e+11 1.910810e+06 6.751770e+08 4.790560e+07 3 -1 -1 1.175415e+00 3.309704e-02 2.197558e-02 1.300232e+00 1.018189e-01 7.020642e-02 0.000000e+00
6.035054e+05 3.403790e+05 8.335490e+11 2.582320e+06 1.504780e+08 1.592870e+07 3 -1 -1 8.431101e-01 3.744675e-02 1.882901e-02 1.198881e+00 2.844703e-01 9.657433e-02 0.000000e+00
3.635241e+05 3.402061e+05 8.287670e+11 2.574910e+06 3.463050e+08 1.415940e+07 6 -1 -1 8.470205e-01 4.803680e-02 1.773229e-02 0.000000e+00 0.000000e+00 0.000000e+00 2.052451e-12
3.874752e+05 3.470890e+05 8.626420e+11 2.627000e+06 4.432830e+07 5.775690e+06 3 -1 -1 1.045463e+00 2.975512e-02 5.646703e-03 0.000000e+00 0.000000e+00 0.000000e+00 1.511283e-10
1.230705e+06 3.933990e+04 1.205530e+10 3.105520e+05 1.092630e+06 5.145580e+05 3 -1 -1 0.000000e+00 0.000000e+00 0.000000e+00 0.000000e+00 0.000000e+00 0.000000e+00 3.630785e-09
6.954302e+05 1.034132e+05 8.933790e+10 8.454010e+05 5.911400e+06 3.020940e+06 3 -1 -1 8.657920e-01 2.085841e-01 1.664532e-01 1.100950e+00 1.068884e-01 1.283570e-01 1.951376e-09
2.005866e+05 3.466481e+05 0.000000e+00 0.000000e+00 0.000000e+00 0.000000e+00 3 -1 -1 8.437071e-01 8.276691e-02 1.096366e-02 0.000000e+00 0.000000e+00 0.000000e+00 0.000000e+00
6.173211e+05 7.716872e+04 4.288840e+10 5.857540e+05 1.875150e+06 6.663590e+05 13 -1 -1 9.294114e-01 2.258220e-01 4.373077e-02 0.000000e+00 0.000000e+00 0.000000e+00 2.376474e-09
2.795844e+05 1.126609e+05 9.287250e+10 8.619630e+05 1.727280e+06 8.696340e+05 6 -1 -1 1.145675e+00 2.112389e-01 2.923748e-02 0.000000e+00 0.000000e+00 0.000000e+00 1.830645e-09
6.735798e+05 1.214044e+05 1.061140e+11 9.213640e+05 2.078660e+07 2.930470e+06 13 -1 -1 1.329970e+00 4.145289e-02 1.443944e-02 0.000000e+00 0.000000e+00 0.000000e+00 8.960740e-11
4.331617e+05 3.481531e+05 1.077610e+12 2.936130e+06 4.433280e+07 2.501260e+07 13 -1 -1 8.172287e-01 4.290698e-02 3.661745e-02 9.277495e-01 1.403265e-01 7.034794e-02 0.000000e+00
1.138063e+06 2.557856e+05 4.880510e+11 1.975960e+06 2.908890e+08 7.514140e+07 13 -1 -1 8.424029e-01 7.788507e-02 4.565522e-02 8.460054e-01 2.194453e-01 1.786371e-01 0.000000e+00
5.925099e+05 4.677762e+04 1.632790e+10 3.614180e+05 5.583850e+05 3.598000e+05 14 -1 -1 0.000000e+00 0.000000e+00 0.000000e+00 0.000000e+00 0.000000e+00 0.000000e+00 5.723023e-09
1.182079e+06 3.471314e+05 8.660080e+11 2.632120e+06 1.226220e+08 1.267080e+07 6 -1 -1 8.806363e-01 7.967705e-02 1.146583e-02 1.097735e+00 2.743792e-01 2.403951e-01 1.699305e-08
1.879958e+06 7.673794e+04 4.451040e+10 5.967270e+05 1.680170e+07 5.100150e+06 13 -1 -1 9.505971e-01 1.708594e-01 7.889732e-02 0.000000e+00 0.000000e+00 0.000000e+00 2.136108e-09
5.328746e+05 3.472846e+05 8.636140e+11 2.628480e+06 4.768980e+08 1.651040e+07 10 -1 -1 8.766066e-01 7.215089e-02 8.603040e-03 0.000000e+00 0.000000e+00 0.000000e+00 2.473737e-12
2.051437e+05 1.309814e+05 1.671390e+11 1.156340e+06 3.031600e+06 2.243150e+06 10 -1 -1 1.333287e+00 2.871326e-02 9.007221e-03 1.285961e+00 2.658668e-02 6.903440e-02 0.000000e+00
5.132361e+05 3.473465e+05 8.665860e+11 2.633000e+06 9.209160e+08 6.800190e+07 13 -1 -1 8.688617e-01 6.743984e-02 2.305836e-02 7.517120e-01 1.546199e-01 5.373932e-02 3.851697e-10
7.776882e+05 7.226028e+04 3.738930e+10 5.469140e+05 1.020680e+06 5.081590e+05 3 -1 -1 1.173990e+00 1.852031e-01 7.262431e-02 0.000000e+00 0.000000e+00 0.000000e+00 1.036168e-08
8.646873e+05 2.890631e+05 6.003290e+11 2.191490e+06 1.388780e+09 1.050000e+08 10 -1 -1 6.167654e-01 1.915843e-02 2.199030e-02 7.527758e-01 2.794504e-01 5.700299e-02 1.060355e-09
1.127952e+06 3.141726e+05 7.067810e+11 2.377870e+06 1.534230e+08 9.439160e+06 3 -1 -1 6.953982e-01 2.526944e-02 3.026062e-02 0.000000e+00 0.000000e+00 0.000000e+00 7.928717e-11
5.092128e+05 5.683905e+04 2.415650e+10 4.396050e+05 1.204660e+08 3.189030e+07 6 -1 -1 1.333722e+00 1.241565e-01 3.998863e-02 1.887096e+00 3.718659e-01 4.790207e-02 0.000000e+00
1.185896e+06 4.187983e+04 1.484690e+10 3.446380e+05 1.559530e+06 8.616050e+05 13 -1 -1 1.157545e+00 2.100451e-01 2.561291e-01 0.000000e+00 0.000000e+00 0.000000e+00 2.582467e-09
6.025579e+05 6.666020e+04 3.819390e+10 5.527670e+05 1.489470e+06 9.344510e+05 3 -1 -1 4.433012e-01 1.170857e-03 7.369841e-02 4.095714e-01 8.742110e-02 9.493066e-02 0.000000e+00
5.560038e+05 3.484093e+05 8.692170e+11 2.636990e+06 5.790990e+07 6.505910e+06 3 -1 -1 1.057387e+00 2.466304e-02 5.026530e-03 0.000000e+00 0.000000e+00 0.000000e+00 1.844238e-10
2.338253e+05 6.025350e+04 2.734870e+10 4.677490e+05 2.107580e+06 8.123600e+05 11 -1 -1 1.221412e+00 4.074882e-02 1.139932e-01 1.297967e+00 7.710284e-02 5.523951e-02 0.000000e+00
7.280872e+05 3.473173e+05 8.670600e+11 2.633720e+06 1.487900e+10 1.182240e+09 13 -1 -1 8.832324e-01 4.798279e-02 7.251868e-03 1.465493e+00 4.050346e-01 9.750560e-02 0.000000e+00
4.426356e+06 4.607176e+04 1.757550e+10 3.749720e+05 2.600900e+06 1.300380e+06 13 -1 -1 0.000000e+00 0.000000e+00 0.000000e+00 0.000000e+00 0.000000e+00 0.000000e+00 6.391359e-09
1.070168e+06 2.029329e+05 2.953820e+11 1.537220e+06 4.494970e+07 4.812770e+06 6 -1 -1 8.942041e-01 1.989046e-01 7.518363e-02 0.000000e+00 0.000000e+00 0.000000e+00 2.246479e-10
8.730528e+05 9.451220e+04 6.518380e+10 7.221290e+05 2.206200e+06 8.590400e+05 10 -1 -1 1.159943e+00 9.222572e-02 7.964322e-02 0.000000e+00 0.000000e+00 0.000000e+00 6.433904e-09
7.677478e+05 3.146148e+05 7.185300e+11 2.397550e+06 9.656560e+07 1.588340e+07 13 -1 -1 6.887909e-01 3.085072e-02 4.360345e-03 7.595396e-01 1.874180e-01 5.666540e-02 2.997950e-09
6.190683e+05 2.561931e+05 4.730780e+11 1.945410e+06 1.496300e+08 1.710630e+07 10 -1 -1 8.153416e-01 1.556023e-01 6.986878e-02 7.227239e-01 9.737018e-02 1.198031e-01 4.114183e-09
3.873233e+05 5.718266e+04 2.512110e+10 4.482950e+05 1.607430e+06 7.195110e+05 3 -1 -1 9.121670e-01 1.840357e-01 1.996551e-01 1.072006e+00 8.041312e-02 1.510263e-01 1.178403e-09
4.492903e+05 3.489776e+05 8.720540e+11 2.641290e+06 2.242910e+08 1.184270e+07 13 -1 -1 1.060772e+00 2.995975e-02 6.266688e-03 0.000000e+00 0.000000e+00 0.000000e+00 8.067160e-12
1.004367e+06 4.872386e+04 2.239280e+10 4.232520e+05 2.333840e+06 1.509810e+06 13 -1 -1 9.740227e-01 1.435362e-01 1.249330e-01 1.133461e+00 1.650447e-01 6.360146e-02 0.000000e+00
3.127185e+06 4.058599e+04 1.398930e+10 3.345360e+05 1.086610e+06 6.394510e+05 1 -1 -1 0.000000e+00 0.000000e+00 0.000000e+00 0.000000e+00 0.000000e+00 0.000000e+00 4.538653e-09
7.064753e+05 1.068341e+05 8.278040e+10 8.137830e+05 3.135850e+06 1.047360e+06 6 -1 -1 9.391536e-01 2.559509e-01 7.182918e-02 0.000000e+00 0.000000e+00 0.000000e+00 2.984349e-09
3.591593e+05 6.121931e+04 2.683860e+10 4.633670e+05 1.966690e+06 5.692010e+05 3 -1 -1 1.262360e+00 1.067930e-01 4.579657e-02 0.000000e+00 0.000000e+00 0.000000e+00 3.620082e-10
5.366125e+05 3.490926e+05 8.726300e+11 2.642170e+06 5.482470e+08 1.761660e+07 10 -1 -1 1.064641e+00 5.260650e-02 9.059168e-04 0.000000e+00 0.000000e+00 0.000000e+00 1.927916e-12
7.740827e+05 3.152027e+05 7.118580e+11 2.386390e+06 8.556250e+07 7.707940e+06 13 -1 -1 7.023329e-01 4.850110e-02 3.633180e-02 0.000000e+00 0.000000e+00 0.000000e+00 1.213593e-10
5.649005e+05 3.474427e+05 8.644010e+11 2.629680e+06 4.729680e+08 1.645390e+07 6 -1 -1 8.246006e-01 3.222286e-02 3.016446e-02 0.000000e+00 0.000000e+00 0.000000e+00 2.830266e-12
1.573565e+06 3.697174e+04 1.424560e+10 3.375870e+05 6.677340e+06 4.650760e+06 13 -1 -1 1.133831e+00 1.230428e-01 1.363051e-01 1.626860e+00 4.683207e-01 1.995703e-01 0.000000e+00
1.024538e+06 4.167296e+04 1.447020e+10 3.402380e+05 5.696540e+06 2.763620e+06 13 -1 -1 1.363657e+00 3.369725e-01 6.448859e-02 0.000000e+00 0.000000e+00 0.000000e+00 1.011402e-09
8.583854e+05 1.148518e+05 9.453640e+10 8.696500e+05 1.065770e+07 1.703160e+06 13 -1 -1 1.000255e+00 1.792855e-01 1.303644e-02 0.000000e+00 0.000000e+00 0.000000e+00 4.654863e-10
3.487911e+05 2.528575e+05 4.632780e+11 1.925160e+06 4.726270e+07 7.966640e+06 6 -1 -1 1.173760e+00 2.071602e-02 3.283749e-02 9.846292e-01 1.900912e-01 1.111658e-01 0.000000e+00
5.731312e+05 8.641002e+04 5.351900e+10 6.543330e+05 5.506410e+06 1.084380e+06 6 -1 -1 1.383378e+00 2.077044e-01 8.902565e-02 0.000000e+00 0.000000e+00 0.000000e+00 3.311366e-10
1.157580e+06 4.636497e+04 1.586220e+10 3.562270e+05 9.053130e+05 4.061790e+05 10 -1 -1 0.000000e+00 0.000000e+00 0.000000e+00 0.000000e+00 0.000000e+00 0.000000e+00 5.479982e-09
5.335363e+05 3.495863e+05 8.750990e+11 2.645900e+06 1.405850e+08 9.637590e+06 10 -1 -1 1.052979e+00 3.626372e-02 1.017052e-02 0.000000e+00 0.000000e+00 0.000000e+00 2.910784e-11
5.556212e+05 6.956658e+04 3.465370e+10 5.265260e+05 1.180900e+06 5.137630e+05 1 -1 -1 1.056330e+00 1.356157e-01 9.359138e-02 0.000000e+00 0.000000e+00 0.000000e+00 3.525553e-09
1.911518e+06 4.280231e+04 1.471310e+10 3.430810e+05 9.442790e+06 4.012950e+06 10 -1 -1 1.233533e+00 1.210610e-01 1.442571e-01 0.000000e+00 0.000000e+00 0.000000e+00 7.957138e-10
2.269297e+06 1.065201e+05 8.124780e+10 8.062150e+05 1.369690e+07 1.777790e+06 6 -1 -1 9.128722e-01 2.626481e-01 9.219947e-02 0.000000e+00 0.000000e+00 0.000000e+00 1.569388e-09
1.941356e+06 4.196695e+04 1.291560e+10 3.214410e+05 5.229240e+05 3.092270e+05 10 -1 -1 0.000000e+00 0.000000e+00 0.000000e+00 0.000000e+00 0.000000e+00 0.000000e+00 4.026266e-09
1.202630e+06 2.563650e+05 4.706150e+11 1.940340e+06 3.044610e+08 1.142630e+07 6 -1 -1 8.731626e-01 8.551302e-02 5.035666e-02 0.000000e+00 0.000000e+00 0.000000e+00 1.243582e-11
6.203686e+05 4.113195e+04 1.403540e+10 3.350870e+05 1.575410e+06 8.280530e+05 10 -1 -1 1.130651e+00 6.557801e-02 1.216645e-01 0.000000e+00 0.000000e+00 0.000000e+00 1.134070e-09
7.932866e+05 5.561133e+04 3.092350e+10 4.973810e+05 8.869400e+06 5.921110e+06 13 -1 -1 1.332149e+00 2.219982e-01 4.790173e-02 1.343019e+00 1.629371e-01 1.123829e-01 0.000000e+00
4.909014e+05 3.495946e+05 8.851580e+11 2.661060e+06 3.455430e+07 6.811110e+06 13 -1 -1 8.337855e-01 8.361594e-03 3.530275e-02 0.000000e+00 0.000000e+00 0.000000e+00 4.149442e-10
1.069797e+06 6.891352e+04 3.499340e+10 5.291000e+05 1.336980e+06 5.987890e+05 2 -1 -1 1.143191e+00 2.801166e-01 6.840104e-02 0.000000e+00 0.000000e+00 0.000000e+00 1.034679e-08
1.762923e+06 3.865880e+04 1.279610e+10 3.199510e+05 6.407880e+07 3.277550e+07 10 -1 -1 9.839002e-01 9.998713e-02 1.174253e-01 2.025325e+00 5.832998e-01 3.872968e-01 2.836624e-12
9.953713e+05 3.152952e+05 7.230980e+11 2.405160e+06 2.873930e+09 4.623850e+08 10 -1 -1 7.118396e-01 4.184644e-02 3.615415e-02 6.516487e-01 2.381454e-01 7.925995e-02 0.000000e+00
1.923249e+06 4.511390e+04 1.783930e+10 3.777750e+05 4.735360e+07 2.555460e+07 6 -1 -1 1.441130e+00 3.310856e-01 7.103555e-01 1.294212e+00 3.870149e-01 6.760523e-01 1.101586e-11
8.610203e+05 2.564575e+05 4.709550e+11 1.941040e+06 3.692530e+08 1.245170e+07 13 -1 -1 8.421094e-01 5.311560e-02 8.407150e-02 0.000000e+00 0.000000e+00 0.000000e+00 4.338321e-12
7.409234e+05 2.049374e+05 3.007400e+11 1.551100e+06 2.085020e+07 3.089080e+06 1 -1 -1 8.681716e-01 1.502546e-01 3.128168e-02 0.000000e+00 0.000000e+00 0.000000e+00 5.141469e-10
1.302116e+06 3.499636e+05 8.769890e+11 2.648760e+06 6.755740e+08 1.935710e+07 10 -1 -1 1.045856e+00 1.487255e-02 2.476600e-02 0.000000e+00 0.000000e+00 0.000000e+00 7.532168e-12
