1.854760125e+06 126 7563 1.416724e-09 4.471364e-08 3.6 2 4.471364e-08 7.822397e-10 2.429704e-10 8.146015e-09 8.146015e-09 2.429704e-10 9.644350e-01 9.643950e-01 9.598700e-01
1.858611625e+06 9866 9750 1.357820e-06 2.041006e-07 3.2 2 1.357820e-06 2.041929e-07 3.069084e-07 4.625599e-08 3.069084e-07 4.625599e-08 0.000000e+00 0.000000e+00 6.610700e-01
1.865858125e+06 8749 9509 1.511944e-08 7.828424e-07 2.0 1 7.976579e-07 0.000000e+00 3.832527e-09 1.684313e-07 1.722639e-07 0.000000e+00 9.654240e-01 9.656900e-01 3.199590e-01
1.868187250e+06 1893 9650 7.797423e-07 2.281667e-09 2.0 1 7.820207e-07 0.000000e+00 1.725533e-07 4.533874e-10 1.730066e-07 0.000000e+00 1.165490e+00 1.165260e+00 6.797130e-01
1.871521000e+06 8087 7541 1.186060e-09 2.989338e-08 2.0 1 3.031148e-08 0.000000e+00 6.688225e-10 6.827265e-09 7.370728e-09 0.000000e+00 1.080410e+00 1.080320e+00 4.268190e-01
1.874668750e+06 2269 469 4.590106e-09 6.988128e-10 4.0 1 2.521719e-09 0.000000e+00 7.695268e-10 1.447000e-10 8.418768e-10 0.000000e+00 1.157920e+00 1.157900e+00 3.235310e-01
1.881491250e+06 2229 9984 1.549567e-06 1.257569e-09 2.0 1 1.550810e-06 0.000000e+00 3.170956e-07 8.963320e-10 3.179920e-07 0.000000e+00 6.937900e-01 6.939210e-01 5.727280e-01
1.887300625e+06 9866 9014 1.358039e-06 1.523117e-08 2.0 1 1.373114e-06 0.000000e+00 3.069442e-07 1.873543e-09 3.088178e-07 0.000000e+00 9.717330e-01 9.716680e-01 7.906640e-01
1.888163625e+06 453 9577 1.206944e-06 1.095613e-09 2.0 1 1.208029e-06 0.000000e+00 2.508171e-07 8.251239e-10 2.516422e-07 0.000000e+00 6.295270e-01 6.297190e-01 6.524790e-01
1.891893750e+06 3612 1360 6.831532e-09 1.919893e-09 3.8 1 6.831532e-09 0.000000e+00 9.191469e-10 2.807533e-10 9.191469e-10 0.000000e+00 8.359630e-01 8.359140e-01 7.793430e-01
1.893004250e+06 9956 9654 2.808223e-07 8.161923e-09 3.2 2 2.808223e-07 8.165618e-09 5.990468e-08 2.562442e-09 5.990468e-08 2.562442e-09 0.000000e+00 0.000000e+00 8.747570e-01
1.900083375e+06 8106 9509 7.095737e-09 7.977232e-07 3.6 2 7.977232e-07 2.503578e-09 1.098937e-09 1.722639e-07 1.722639e-07 1.098937e-09 9.488340e-01 9.487590e-01 8.390280e-01
1.901407000e+06 9857 4142 2.523487e-08 2.126820e-09 2.0 1 2.652631e-08 0.000000e+00 5.161277e-09 3.460990e-10 5.507376e-09 0.000000e+00 1.118060e+00 1.117990e+00 6.771990e-01
1.905485500e+06 9931 8106 1.945979e-08 7.983629e-07 3.2 2 7.983629e-07 1.946859e-08 4.241827e-09 1.722639e-07 1.722639e-07 4.241827e-09 0.000000e+00 0.000000e+00 9.138760e-01
1.907502750e+06 4351 3799 2.043645e-09 1.637171e-09 5.0 0 0.000000e+00 0.000000e+00 5.642510e-10 2.705030e-10 5.692213e-11 0.000000e+00 0.000000e+00 0.000000e+00 2.337590e-01
1.908651625e+06 8168 9710 3.850229e-09 1.309005e-08 3.2 2 1.309005e-08 3.851971e-09 1.513561e-09 3.242670e-09 3.242670e-09 1.513561e-09 0.000000e+00 0.000000e+00 9.755030e-01
1.913460500e+06 8897 7613 3.070666e-09 7.040878e-09 3.6 2 7.040878e-09 1.519704e-09 6.263513e-10 1.501033e-09 1.501033e-09 6.263513e-10 1.145800e+00 1.145880e+00 7.582140e-01
1.914821875e+06 4655 5690 1.195568e-09 2.684164e-09 4.0 1 2.220474e-09 0.000000e+00 6.532598e-10 4.658656e-10 7.924955e-10 0.000000e+00 1.279800e+00 1.279740e+00 5.720320e-01
1.914983750e+06 5690 9750 2.221579e-09 2.044616e-07 3.8 1 2.044616e-07 0.000000e+00 7.927044e-10 4.629618e-08 4.629618e-08 0.000000e+00 1.052300e+00 1.052410e+00 8.406220e-01
1.915097625e+06 9857 2661 2.661111e-08 8.345346e-10 3.6 2 2.661111e-08 6.141326e-10 5.515274e-09 1.772258e-10 5.515274e-09 1.772258e-10 1.106210e+00 1.106240e+00 7.649040e-01
1.919476125e+06 1411 5743 1.237071e-09 3.532493e-09 3.8 1 3.532493e-09 0.000000e+00 2.440197e-10 1.086032e-09 1.086032e-09 0.000000e+00 1.069750e+00 1.069690e+00 7.500930e-01
1.928023625e+06 4532 2229 6.943515e-09 1.550810e-06 1.0 1 1.557754e-06 0.000000e+00 8.726706e-10 3.179920e-07 3.188646e-07 0.000000e+00 0.000000e+00 0.000000e+00 9.642510e-01
1.930955875e+06 2661 3168 6.208193e-10 3.574630e-08 3.8 1 3.574630e-08 0.000000e+00 1.792039e-10 7.681775e-09 7.681775e-09 0.000000e+00 9.791700e-01 9.792160e-01 9.430590e-01
1.930968750e+06 3612 4750 6.880495e-09 1.597732e-09 4.0 1 4.660553e-09 0.000000e+00 9.270522e-10 2.855847e-10 1.069845e-09 0.000000e+00 1.140960e+00 1.141030e+00 6.581800e-01
1.932971000e+06 6452 8840 1.519656e-09 8.414509e-10 3.2 2 1.519656e-09 8.418315e-10 3.067732e-10 1.912192e-10 3.067732e-10 1.912192e-10 0.000000e+00 0.000000e+00 9.446960e-01
1.940634875e+06 6173 9178 1.154128e-09 1.344214e-08 3.8 1 1.344214e-08 0.000000e+00 2.442563e-10 2.811541e-09 2.811541e-09 0.000000e+00 1.319360e+00 1.319300e+00 7.019550e-01
1.942801375e+06 9312 9934 5.133829e-09 4.347074e-08 3.6 2 4.347074e-08 4.967795e-09 8.424388e-10 9.708642e-09 9.708642e-09 8.424388e-10 1.069420e+00 1.069350e+00 9.535040e-01
1.952620250e+06 9022 9679 6.795637e-07 6.587495e-10 2.0 1 6.802140e-07 0.000000e+00 1.478569e-07 6.173837e-10 1.484743e-07 0.000000e+00 5.173550e-01 5.175840e-01 3.473110e-01
1.958166375e+06 4000 9935 5.238951e-09 5.130379e-08 3.2 2 5.130379e-08 5.241320e-09 1.500912e-09 1.687646e-08 1.687646e-08 1.500912e-09 0.000000e+00 0.000000e+00 9.502350e-01
1.958225750e+06 9022 9594 6.802181e-07 3.161664e-08 3.2 2 6.802181e-07 3.163094e-08 1.484743e-07 6.213970e-09 1.484743e-07 6.213970e-09 0.000000e+00 0.000000e+00 9.779330e-01
1.960676500e+06 9866 8106 1.373983e-06 7.996200e-07 3.2 2 1.373983e-06 7.999819e-07 3.089391e-07 1.725928e-07 3.089391e-07 1.725928e-07 0.000000e+00 0.000000e+00 9.284420e-01
1.961357375e+06 8082 9370 9.687187e-09 7.143797e-09 3.2 2 9.687187e-09 7.147031e-09 1.103969e-09 1.275457e-09 1.103969e-09 1.275457e-09 0.000000e+00 0.000000e+00 9.849380e-01
1.975825875e+06 7479 1460 6.006221e-09 4.127778e-09 3.2 2 6.006221e-09 4.129646e-09 8.111752e-10 1.214865e-09 8.111752e-10 1.214865e-09 0.000000e+00 0.000000e+00 8.614370e-01
1.982238375e+06 6667 7947 1.466384e-09 1.531937e-08 4.0 1 1.287195e-08 0.000000e+00 3.417421e-10 3.560111e-09 3.730982e-09 0.000000e+00 1.365570e+00 1.365640e+00 3.719340e-01
1.986337125e+06 9866 5665 1.373983e-06 1.902984e-09 2.0 1 1.375878e-06 0.000000e+00 3.089391e-07 3.178865e-10 3.092570e-07 0.000000e+00 9.780340e-01 9.783110e-01 2.169190e-01
1.986857000e+06 6807 6750 4.656154e-09 4.447539e-09 3.2 2 4.656154e-09 4.449551e-09 8.016477e-10 6.773033e-10 8.016477e-10 6.773033e-10 0.000000e+00 0.000000e+00 9.780120e-01
1.987303125e+06 7535 453 1.077262e-09 1.208037e-06 1.0 1 1.209114e-06 0.000000e+00 7.467798e-10 2.516422e-07 2.523890e-07 0.000000e+00 0.000000e+00 0.000000e+00 9.174360e-01
1.988699625e+06 9545 9262 2.769806e-08 2.939782e-07 3.6 2 2.939782e-07 1.696955e-08 7.411875e-09 5.902453e-08 5.902453e-08 7.411875e-09 8.880770e-01 8.881160e-01 7.187900e-01
1.992737375e+06 8857 9866 1.892167e-08 1.375880e-06 2.0 1 1.394670e-06 0.000000e+00 4.168841e-09 3.092570e-07 3.134258e-07 0.000000e+00 1.021820e+00 1.022020e+00 7.612240e-01
1.992771500e+06 9594 9022 3.161668e-08 6.802182e-07 3.2 2 6.802182e-07 3.163099e-08 6.213970e-09 1.484743e-07 1.484743e-07 6.213970e-09 0.000000e+00 0.000000e+00 8.567120e-01
1.992998125e+06 3796 9509 2.928564e-09 2.626865e-09 5.0 0 0.000000e+00 0.000000e+00 4.567424e-10 1.111130e-09 3.617866e-10 0.000000e+00 0.000000e+00 0.000000e+00 2.476380e-01
1.993608125e+06 8739 9008 2.811105e-09 1.034931e-09 5.0 0 0.000000e+00 0.000000e+00 5.901529e-10 2.284392e-10 1.813461e-10 0.000000e+00 0.000000e+00 0.000000e+00 2.329670e-01
1.993993000e+06 4000 177 5.239023e-09 8.561153e-09 3.2 2 8.561153e-09 5.241396e-09 1.500912e-09 2.010920e-09 2.010920e-09 1.500912e-09 0.000000e+00 0.000000e+00 8.244440e-01
2.005124875e+06 7520 6357 1.572852e-09 1.054348e-09 5.0 0 0.000000e+00 0.000000e+00 3.251216e-10 2.129679e-10 1.361269e-11 0.000000e+00 0.000000e+00 0.000000e+00 1.321650e-01
2.014887000e+06 9934 9987 4.970726e-09 8.808451e-08 3.8 2 8.808451e-08 6.454738e-10 8.427553e-10 2.074010e-08 2.074010e-08 6.451821e-10 1.438700e+00 1.438580e+00 7.817670e-01
2.020275250e+06 8817 1759 1.221737e-09 1.931907e-06 1.0 1 1.933128e-06 0.000000e+00 7.502112e-10 4.226951e-07 4.234453e-07 0.000000e+00 0.000000e+00 0.000000e+00 9.395040e-01
2.026898500e+06 4669 4150 2.079621e-09 5.014273e-08 2.0 1 5.194639e-08 0.000000e+00 3.619018e-10 1.188199e-08 1.224389e-08 0.000000e+00 8.547360e-01 8.546800e-01 6.976350e-01
2.027203875e+06 177 9866 8.603047e-09 1.395994e-06 2.0 1 1.404567e-06 0.000000e+00 2.020201e-09 3.137910e-07 3.158112e-07 0.000000e+00 1.015320e+00 1.015530e+00 1.681570e-01
2.034159000e+06 3556 9370 1.311776e-08 7.143798e-09 3.2 2 1.311776e-08 7.147031e-09 2.699187e-09 1.275457e-09 2.699187e-09 1.275457e-09 0.000000e+00 0.000000e+00 7.922210e-01
2.037119000e+06 8168 1478 3.899320e-09 5.770559e-09 4.0 1 5.380684e-09 0.000000e+00 1.521410e-09 1.124710e-09 1.885415e-09 0.000000e+00 9.043700e-01 9.043060e-01 2.656460e-01
2.040432875e+06 3220 9378 8.403347e-10 7.927086e-09 2.0 1 8.431948e-09 0.000000e+00 1.692123e-10 1.658304e-09 1.827517e-09 0.000000e+00 1.499550e+00 1.499490e+00 6.672730e-01
2.040467500e+06 8400 9797 6.341786e-09 1.888492e-08 3.8 1 1.888492e-08 0.000000e+00 2.252322e-09 4.245161e-09 4.245161e-09 0.000000e+00 1.089300e+00 1.089200e+00 6.888130e-01
2.048320375e+06 9215 8047 1.821409e-08 3.021034e-09 2.0 1 1.992065e-08 0.000000e+00 4.165062e-09 6.360626e-10 4.801124e-09 0.000000e+00 1.211610e+00 1.211710e+00 5.397380e-01
2.050240125e+06 8786 8934 3.623139e-09 2.962141e-09 3.2 2 3.623139e-09 2.963481e-09 7.772953e-10 6.240704e-10 7.772953e-10 6.240704e-10 0.000000e+00 0.000000e+00 9.757680e-01
2.055099375e+06 8450 2005 1.562342e-09 1.157578e-09 3.2 2 1.562342e-09 1.158102e-09 7.302190e-10 2.275618e-10 7.302190e-10 2.275618e-10 0.000000e+00 0.000000e+00 9.156850e-01
2.056151750e+06 5594 7757 2.771265e-09 1.551146e-09 5.0 0 0.000000e+00 0.000000e+00 4.539926e-10 3.183475e-10 3.194114e-11 0.000000e+00 0.000000e+00 0.000000e+00 2.926910e-01
2.057548625e+06 7967 8106 1.805249e-08 8.018090e-07 2.0 1 8.188833e-07 0.000000e+00 3.371136e-09 1.732555e-07 1.766267e-07 0.000000e+00 9.948370e-01 9.949440e-01 4.213970e-01
2.062194375e+06 6738 7471 6.430280e-09 1.206665e-08 3.2 2 1.206665e-08 6.433191e-09 9.411677e-10 3.756777e-09 3.756777e-09 9.411677e-10 0.000000e+00 0.000000e+00 8.922580e-01
2.063299125e+06 9037 4586 2.384455e-09 1.646610e-08 3.8 1 1.646610e-08 0.000000e+00 8.474761e-10 3.682498e-09 3.682498e-09 0.000000e+00 9.006700e-01 9.006160e-01 7.797920e-01
2.065594250e+06 8106 2617 8.188904e-07 3.733799e-09 2.0 1 8.225923e-07 0.000000e+00 1.766292e-07 5.563338e-10 1.771855e-07 0.000000e+00 1.019510e+00 1.019320e+00 6.356760e-01
2.066967000e+06 9173 2811 6.177787e-09 7.098704e-10 4.0 1 4.914158e-09 0.000000e+00 8.507622e-10 1.732631e-10 9.373937e-10 0.000000e+00 1.153470e+00 1.153400e+00 2.699670e-01
2.067069875e+06 8432 7541 3.268674e-09 3.068576e-08 3.8 1 3.068576e-08 0.000000e+00 6.559484e-10 7.413437e-09 7.413437e-09 0.000000e+00 1.230700e+00 1.230620e+00 8.001180e-01
2.068182000e+06 9866 7541 1.406652e-06 3.077032e-08 2.0 1 1.437218e-06 0.000000e+00 3.163671e-07 7.428340e-09 3.237954e-07 0.000000e+00 9.754230e-01 9.755460e-01 6.989240e-01
2.071268250e+06 8082 453 9.687188e-09 1.209114e-06 2.0 1 1.218653e-06 0.000000e+00 1.103969e-09 2.523890e-07 2.534929e-07 0.000000e+00 6.309970e-01 6.313000e-01 4.142780e-01
2.071441000e+06 6836 9383 6.127701e-09 2.985537e-08 2.0 1 3.270406e-08 0.000000e+00 7.507303e-10 6.433815e-09 7.184546e-09 0.000000e+00 8.843610e-01 8.843920e-01 6.195010e-01
2.072978125e+06 9178 9751 1.379206e-08 1.240986e-08 3.2 2 1.379206e-08 1.241548e-08 2.860834e-09 2.619301e-09 2.860834e-09 2.619301e-09 0.000000e+00 0.000000e+00 8.997450e-01
2.075785500e+06 9433 1759 4.801827e-09 1.934935e-06 2.0 1 1.939729e-06 0.000000e+00 4.723371e-10 4.234453e-07 4.239176e-07 0.000000e+00 7.961380e-01 7.959020e-01 7.052450e-01
2.085439625e+06 9931 2340 1.987434e-08 7.955065e-10 4.0 1 1.925536e-08 0.000000e+00 4.303254e-09 1.576112e-10 4.382060e-09 0.000000e+00 1.258350e+00 1.258350e+00 6.258590e-01
2.087851250e+06 1358 1893 7.676354e-10 7.845840e-07 3.8 1 7.845840e-07 0.000000e+00 1.567887e-10 1.732215e-07 1.732215e-07 0.000000e+00 1.207930e+00 1.208160e+00 9.759270e-01
2.088075000e+06 9319 7727 3.908074e-09 2.192330e-09 2.0 1 4.361206e-09 0.000000e+00 7.418011e-10 4.058725e-10 1.147674e-09 0.000000e+00 1.041690e+00 1.041630e+00 1.637060e-01
2.090577750e+06 9277 4000 6.163583e-09 5.301594e-09 3.2 2 6.163583e-09 5.303992e-09 1.300353e-09 1.511343e-09 1.300353e-09 1.511343e-09 0.000000e+00 0.000000e+00 7.852550e-01
2.092191875e+06 6486 8916 2.457095e-09 2.688506e-09 4.0 1 1.262035e-09 0.000000e+00 1.357617e-09 9.293863e-10 1.095711e-09 0.000000e+00 8.703310e-01 8.703650e-01 5.011380e-01
2.093867000e+06 9866 7446 1.437581e-06 3.324961e-08 3.6 2 1.437581e-06 3.234629e-08 3.237954e-07 6.950192e-09 3.237954e-07 6.950192e-09 1.008580e+00 1.008480e+00 8.718750e-01
2.102666750e+06 4000 9866 5.301632e-09 1.437776e-06 2.0 1 1.443038e-06 0.000000e+00 1.511343e-09 3.237954e-07 3.253068e-07 0.000000e+00 9.904580e-01 9.903300e-01 5.173230e-01
2.107122250e+06 9774 5986 9.334134e-08 2.396632e-09 2.0 1 9.540369e-08 0.000000e+00 2.158621e-08 3.748083e-10 2.196102e-08 0.000000e+00 1.188770e+00 1.188790e+00 5.533210e-01
2.107736000e+06 8945 7760 5.720770e-09 1.366820e-09 4.0 1 2.064474e-09 0.000000e+00 1.421913e-09 5.613394e-10 1.702583e-09 0.000000e+00 1.127010e+00 1.127020e+00 3.785580e-01
2.117918750e+06 3858 9866 1.827440e-09 1.443045e-06 2.0 1 1.444869e-06 0.000000e+00 3.391845e-10 3.253068e-07 3.256459e-07 0.000000e+00 1.038390e+00 1.038100e+00 5.441370e-01
2.118065750e+06 9790 6107 1.379622e-08 1.488754e-08 2.0 1 1.525755e-08 0.000000e+00 3.338574e-09 1.720776e-09 3.575069e-09 0.000000e+00 9.210360e-01 9.210640e-01 5.007730e-01
2.121305250e+06 9271 6515 2.830105e-08 2.590502e-09 3.2 2 2.830105e-08 2.591675e-09 6.592825e-09 4.757131e-10 6.592825e-09 4.757131e-10 0.000000e+00 0.000000e+00 9.556010e-01
2.125372000e+06 9514 9283 3.763736e-09 7.822037e-09 3.2 2 7.822037e-09 3.765439e-09 8.075561e-10 1.361972e-09 1.361972e-09 8.075561e-10 0.000000e+00 0.000000e+00 9.232900e-01
2.133221250e+06 9901 8928 4.667340e-08 2.608055e-09 4.0 1 4.546916e-08 0.000000e+00 9.040372e-09 5.610437e-10 9.320893e-09 0.000000e+00 8.202180e-01 8.201830e-01 7.326330e-01
2.140687500e+06 6380 2229 1.640725e-09 1.557759e-06 3.8 1 1.557759e-06 0.000000e+00 4.972898e-10 3.188646e-07 3.188646e-07 0.000000e+00 7.331720e-01 7.333180e-01 9.611920e-01
2.151859250e+06 9874 1759 2.908701e-08 1.944350e-06 2.0 1 1.973279e-06 0.000000e+00 6.846672e-09 4.248014e-07 4.316480e-07 0.000000e+00 7.789470e-01 7.790810e-01 7.671360e-01
2.154745750e+06 4837 8936 2.400588e-09 3.433139e-09 3.2 2 3.433139e-09 2.401674e-09 3.704470e-10 7.688144e-10 7.688144e-10 3.704470e-10 0.000000e+00 0.000000e+00 8.662760e-01
2.158507750e+06 9187 150 2.946942e-09 1.366765e-09 3.8 1 2.946942e-09 0.000000e+00 6.209807e-10 3.306483e-10 6.209807e-10 0.000000e+00 1.170520e+00 1.170580e+00 7.635910e-01
2.165720250e+06 9262 9732 1.814561e-08 2.684055e-08 5.0 3 1.857279e-09 1.134970e-09 7.496096e-09 4.192188e-09 1.857279e-09 1.134971e-09 6.776990e-01 6.776040e-01 4.085080e-01
2.166612000e+06 6619 9723 3.014696e-09 7.217757e-09 2.0 1 8.452646e-09 0.000000e+00 6.009078e-10 1.540123e-09 2.141031e-09 0.000000e+00 1.390680e+00 1.390650e+00 5.033680e-01
2.169091000e+06 453 1487 1.245086e-06 4.780445e-09 3.2 2 1.245086e-06 4.782609e-09 2.585672e-07 1.750229e-09 2.585672e-07 1.750229e-09 0.000000e+00 0.000000e+00 9.964340e-01
2.170542000e+06 6511 9545 8.198677e-09 2.988355e-07 3.2 2 2.988355e-07 8.202388e-09 1.099230e-09 5.989130e-08 5.989130e-08 1.099230e-09 0.000000e+00 0.000000e+00 8.225930e-01
2.170784000e+06 9841 275 9.941988e-09 8.790757e-10 2.0 1 1.071605e-08 0.000000e+00 2.349607e-09 1.758820e-10 2.525490e-09 0.000000e+00 1.257630e+00 1.257670e+00 4.982190e-01
2.171384000e+06 6275 9370 1.791203e-09 7.143798e-09 3.2 2 7.143798e-09 1.792013e-09 2.892157e-10 1.275457e-09 1.275457e-09 2.892157e-10 0.000000e+00 0.000000e+00 9.551370e-01
2.173397250e+06 8981 3110 1.312560e-09 2.137981e-09 3.2 2 2.137981e-09 1.313154e-09 4.379266e-10 3.295050e-10 3.295050e-10 4.379266e-10 0.000000e+00 0.000000e+00 6.561490e-01
2.182190000e+06 9187 9939 2.949163e-09 9.399606e-09 4.0 1 7.404270e-09 0.000000e+00 6.214530e-10 6.558589e-09 6.869316e-09 0.000000e+00 1.157470e+00 1.157380e+00 4.577800e-01
2.183845000e+06 9956 2514 2.881449e-07 1.944295e-08 2.0 1 3.050912e-07 0.000000e+00 6.072926e-08 5.296023e-09 6.602528e-08 0.000000e+00 8.425360e-01 8.425610e-01 5.170910e-01
2.183848750e+06 3043 8764 7.240923e-10 9.412808e-09 5.0 1 7.799247e-10 0.000000e+00 1.545332e-10 2.699767e-09 7.799247e-10 0.000000e+00 1.122160e+00 1.122220e+00 3.625380e-01
2.187242750e+06 6467 9866 2.652550e-08 1.445030e-06 2.0 1 1.471177e-06 0.000000e+00 6.540024e-09 3.256637e-07 3.322037e-07 0.000000e+00 9.989160e-01 9.992250e-01 6.048970e-01
2.187837000e+06 8106 9857 8.230744e-07 2.759324e-08 2.0 1 8.499721e-07 0.000000e+00 1.772047e-07 5.677143e-09 1.828819e-07 0.000000e+00 9.438660e-01 9.436800e-01 6.887000e-01
2.188272500e+06 6449 9866 2.471581e-09 1.471241e-06 2.0 1 1.473687e-06 0.000000e+00 5.099645e-10 3.322037e-07 3.327136e-07 0.000000e+00 1.018770e+00 1.018970e+00 6.994270e-01
2.194685750e+06 9303 2229 5.007501e-09 1.558847e-06 2.0 1 1.563217e-06 0.000000e+00 9.376242e-10 3.191693e-07 3.201069e-07 0.000000e+00 7.492540e-01 7.490340e-01 1.650110e-01
2.203146250e+06 4586 9545 1.740506e-08 2.989251e-07 3.2 2 2.989251e-07 1.741294e-08 3.784078e-09 5.989130e-08 5.989130e-08 3.784078e-09 0.000000e+00 0.000000e+00 7.627840e-01
2.203504500e+06 8696 9866 1.035020e-09 1.473771e-06 2.0 1 1.474804e-06 0.000000e+00 3.310495e-10 3.327136e-07 3.330447e-07 0.000000e+00 9.976700e-01 9.979480e-01 4.146520e-01
2.206550250e+06 9383 9545 3.382651e-08 2.989253e-07 3.2 2 2.989253e-07 3.384181e-08 7.342000e-09 5.989130e-08 5.989130e-08 7.342000e-09 0.000000e+00 0.000000e+00 9.807850e-01
2.212688250e+06 7217 8106 1.314080e-08 8.500743e-07 2.0 1 8.628651e-07 0.000000e+00 2.274226e-09 1.828819e-07 1.851561e-07 0.000000e+00 1.013540e+00 1.013670e+00 5.585620e-01
2.215786500e+06 7947 2452 1.297273e-08 1.007565e-09 3.2 2 1.297273e-08 1.008021e-09 3.740271e-09 1.872121e-10 3.740271e-09 1.872121e-10 0.000000e+00 0.000000e+00 9.951980e-01
2.218407500e+06 1759 6511 1.974417e-06 8.231567e-09 2.0 1 1.982570e-06 0.000000e+00 4.316481e-07 1.099230e-09 4.327473e-07 0.000000e+00 8.489340e-01 8.488820e-01 6.842590e-01
2.225136500e+06 1446 1460 1.977193e-09 4.277956e-09 3.2 2 4.277956e-09 1.978088e-09 3.161508e-10 1.241162e-09 1.241162e-09 3.161508e-10 0.000000e+00 0.000000e+00 9.259340e-01
2.226688500e+06 9866 539 1.474913e-06 3.045042e-09 3.8 1 1.474913e-06 0.000000e+00 3.330447e-07 4.437128e-10 3.330447e-07 0.000000e+00 9.508170e-01 9.506930e-01 9.574400e-01
2.227363250e+06 9750 9866 2.063863e-07 1.474981e-06 2.0 1 1.675486e-06 0.000000e+00 4.655931e-08 3.330546e-07 3.796139e-07 0.000000e+00 9.843600e-01 9.843240e-01 6.521520e-01
2.231416750e+06 9866 9935 1.676257e-06 5.291298e-08 2.0 1 1.728053e-06 0.000000e+00 3.796458e-07 1.712119e-08 3.967670e-07 0.000000e+00 9.562270e-01 9.562300e-01 5.396370e-01
2.242218500e+06 9545 9866 3.002187e-07 1.728403e-06 3.2 2 1.728403e-06 3.003545e-07 5.994620e-08 3.967755e-07 3.967755e-07 5.994620e-08 0.000000e+00 0.000000e+00 6.518560e-01
2.254888000e+06 9162 9519 4.464191e-09 2.078280e-08 3.2 2 2.078280e-08 4.466211e-09 1.635989e-09 3.733616e-09 3.733616e-09 1.635989e-09 0.000000e+00 0.000000e+00 9.814320e-01
2.275561250e+06 1913 7804 9.568762e-10 1.725031e-09 3.2 2 1.725031e-09 9.573093e-10 1.887707e-10 3.487453e-10 3.487453e-10 1.887707e-10 0.000000e+00 0.000000e+00 9.958310e-01
2.283647250e+06 9360 126 3.098293e-09 4.623832e-08 2.0 1 4.868398e-08 0.000000e+00 8.478017e-10 8.408445e-09 9.256247e-09 0.000000e+00 1.274940e+00 1.275000e+00 3.790510e-01
2.307628750e+06 9594 9022 3.161668e-08 6.802182e-07 2.0 1 7.105089e-07 0.000000e+00 6.213970e-09 1.484743e-07 1.546882e-07 0.000000e+00 5.171330e-01 5.173810e-01 5.575160e-01
2.324518250e+06 9956 9931 3.057714e-07 1.983905e-08 3.2 2 3.057714e-07 1.984802e-08 6.603314e-08 4.470457e-09 6.603314e-08 4.470457e-09 0.000000e+00 0.000000e+00 8.353730e-01
2.326139250e+06 9225 9545 4.177578e-09 3.002187e-07 2.0 1 3.043799e-07 0.000000e+00 8.810422e-10 5.994620e-08 6.082725e-08 0.000000e+00 1.066510e+00 1.066610e+00 4.056370e-01
2.326756000e+06 9866 8106 1.728419e-06 8.636300e-07 3.2 2 1.728419e-06 8.640209e-07 3.967758e-07 1.851922e-07 3.967758e-07 1.851922e-07 0.000000e+00 0.000000e+00 6.846440e-01
2.331754250e+06 9866 9751 1.728419e-06 1.300198e-08 2.0 1 1.741302e-06 0.000000e+00 3.967758e-07 2.699850e-09 3.994757e-07 0.000000e+00 9.686130e-01 9.688380e-01 3.542390e-01
2.333572250e+06 7447 9836 1.635749e-09 1.397510e-08 3.2 2 1.397510e-08 1.636489e-09 3.419577e-10 3.187154e-09 3.187154e-09 3.419577e-10 0.000000e+00 0.000000e+00 8.365920e-01
2.342341000e+06 1893 6071 7.864691e-07 1.221860e-09 2.0 1 7.876830e-07 0.000000e+00 1.734452e-07 2.468954e-10 1.736921e-07 0.000000e+00 1.197580e+00 1.197440e+00 7.470130e-01
2.344051250e+06 9271 1419 2.835756e-08 2.578189e-09 3.6 2 2.835756e-08 1.662594e-09 6.592825e-09 3.754492e-10 6.592825e-09 3.754492e-10 1.414660e+00 1.414730e+00 8.981630e-01
2.353879000e+06 2229 1045 1.563735e-06 1.208374e-08 3.6 2 1.563735e-06 7.782559e-09 3.201069e-07 3.223301e-09 3.201069e-07 3.223301e-09 6.854170e-01 6.855100e-01 9.525540e-01
2.355546250e+06 7379 453 9.680568e-09 1.252470e-06 2.0 1 1.262128e-06 0.000000e+00 1.422085e-09 2.596122e-07 2.610342e-07 0.000000e+00 6.195400e-01 6.194460e-01 1.682640e-01
2.370282000e+06 9956 9383 3.057789e-07 3.406985e-08 2.0 1 3.171361e-07 0.000000e+00 6.603314e-08 7.352289e-09 7.338543e-08 0.000000e+00 9.093290e-01 9.091160e-01 2.131010e-01
2.376162250e+06 9277 9866 6.302252e-09 1.752840e-06 2.0 1 1.759128e-06 0.000000e+00 1.314994e-09 3.994757e-07 4.007907e-07 0.000000e+00 9.316030e-01 9.318920e-01 4.568230e-01
2.386206000e+06 7446 579 3.277800e-08 9.773240e-10 3.8 1 3.277800e-08 0.000000e+00 7.006936e-09 1.838266e-10 7.006936e-09 0.000000e+00 1.116620e+00 1.116680e+00 9.670930e-01
2.387175750e+06 9732 9810 1.502359e-09 2.307039e-09 3.2 2 2.307039e-09 1.503039e-09 1.198470e-09 1.476384e-09 1.476384e-09 1.198470e-09 0.000000e+00 0.000000e+00 8.348520e-01
2.392730000e+06 8450 1893 1.690371e-09 7.877431e-07 2.0 1 7.894253e-07 0.000000e+00 7.481008e-10 1.737032e-07 1.744513e-07 0.000000e+00 1.175220e+00 1.175290e+00 6.640710e-01
2.400604000e+06 7447 5183 1.637838e-09 1.124006e-09 3.2 2 1.637838e-09 1.124515e-09 3.419577e-10 2.344747e-10 3.419577e-10 2.344747e-10 0.000000e+00 0.000000e+00 8.311960e-01
2.413756750e+06 8106 8166 8.636328e-07 3.133253e-09 3.2 2 8.636328e-07 3.134671e-09 1.851922e-07 1.081485e-09 1.851922e-07 1.081485e-09 0.000000e+00 0.000000e+00 9.445780e-01
2.413852500e+06 8721 7447 9.003022e-10 1.637838e-09 4.0 1 7.706046e-10 0.000000e+00 8.832608e-10 3.419577e-10 5.562811e-10 0.000000e+00 1.502080e+00 1.502040e+00 5.781920e-01
2.419553750e+06 1068 9774 7.614079e-10 9.724853e-08 2.0 1 9.798220e-08 0.000000e+00 1.599135e-10 2.224121e-08 2.240112e-08 0.000000e+00 1.059310e+00 1.059310e+00 4.489980e-01
2.420381250e+06 8934 5706 3.007420e-09 7.507502e-09 2.0 1 9.408365e-09 0.000000e+00 6.316473e-10 1.603330e-09 2.234977e-09 0.000000e+00 1.404870e+00 1.404950e+00 4.300560e-01
2.430868000e+06 9545 4598 3.045860e-07 4.337920e-09 2.0 1 3.089017e-07 0.000000e+00 6.086550e-08 5.435437e-10 6.140904e-08 0.000000e+00 1.071900e+00 1.071810e+00 7.231790e-01
2.430887000e+06 5608 1759 3.064222e-09 1.982627e-06 2.0 1 1.985684e-06 0.000000e+00 2.693170e-09 4.327473e-07 4.354405e-07 0.000000e+00 8.011420e-01 8.009250e-01 3.680970e-01
2.434797250e+06 7446 6604 3.278339e-08 3.860543e-09 2.0 1 3.377291e-08 0.000000e+00 7.007941e-09 6.156798e-10 7.623620e-09 0.000000e+00 1.054210e+00 1.054130e+00 3.567640e-01
2.440631000e+06 9283 9271 7.828669e-09 2.850465e-08 3.6 2 2.850465e-08 5.500593e-09 1.362227e-09 6.618694e-09 6.618694e-09 1.362227e-09 1.186810e+00 1.186830e+00 8.573900e-01
2.442465750e+06 9322 8918 3.512541e-09 1.167004e-09 4.0 1 2.494412e-09 0.000000e+00 1.236249e-09 2.303955e-10 1.351447e-09 0.000000e+00 1.204420e+00 1.204400e+00 4.452540e-01
2.446054750e+06 5587 6865 1.285816e-09 8.861918e-09 4.0 1 4.234592e-09 0.000000e+00 2.445956e-10 2.405698e-09 2.527995e-09 0.000000e+00 1.169390e+00 1.169460e+00 4.670610e-01
2.447381000e+06 126 9774 4.906731e-08 9.820288e-08 3.2 2 9.820288e-08 4.908951e-08 9.270450e-09 2.240112e-08 2.240112e-08 9.270450e-09 0.000000e+00 0.000000e+00 9.790300e-01
2.451672500e+06 49 822 3.578166e-09 9.912837e-09 4.0 1 9.224162e-09 0.000000e+00 5.300271e-10 1.113492e-09 1.378505e-09 0.000000e+00 6.596560e-01 6.597240e-01 6.733930e-01
2.481142250e+06 9174 2830 6.393448e-09 1.670995e-09 3.8 1 6.393448e-09 0.000000e+00 1.834448e-09 2.696945e-10 1.834448e-09 0.000000e+00 1.043610e+00 1.043590e+00 6.721470e-01
2.484451750e+06 3777 2203 1.962234e-09 1.450807e-08 3.8 1 1.450807e-08 0.000000e+00 3.209060e-10 3.063573e-09 3.063573e-09 0.000000e+00 1.096070e+00 1.096030e+00 7.036150e-01
2.493065250e+06 9866 9319 1.759233e-06 4.515807e-09 2.0 1 1.763738e-06 0.000000e+00 4.007907e-07 1.156552e-09 4.019472e-07 0.000000e+00 9.846080e-01 9.846150e-01 6.216640e-01
2.498174500e+06 8650 3331 3.323242e-09 1.071147e-09 2.0 1 3.964888e-09 0.000000e+00 1.135252e-09 2.110190e-10 1.346271e-09 0.000000e+00 1.018520e+00 1.018570e+00 4.638070e-01
2.506745250e+06 1759 9732 1.985687e-06 1.502538e-09 2.0 1 1.987170e-06 0.000000e+00 4.354405e-07 1.198470e-09 4.366389e-07 0.000000e+00 7.977120e-01 7.979580e-01 2.452190e-01
2.506769000e+06 8253 7451 4.532294e-09 4.894943e-09 5.0 0 0.000000e+00 0.000000e+00 7.682263e-10 8.724472e-10 3.260965e-10 0.000000e+00 0.000000e+00 0.000000e+00 3.246530e-01
2.511898750e+06 2229 7820 1.563752e-06 9.643820e-09 2.0 1 1.573325e-06 0.000000e+00 3.201069e-07 2.250848e-09 3.223578e-07 0.000000e+00 7.399620e-01 7.402060e-01 8.012390e-01
2.538770750e+06 9178 861 1.383913e-08 1.864652e-09 4.0 1 1.227317e-08 0.000000e+00 2.865611e-09 3.093535e-10 3.020288e-09 0.000000e+00 1.123790e+00 1.123710e+00 2.960890e-01
2.544022250e+06 4780 9107 2.381596e-09 1.807331e-08 4.0 1 1.761742e-08 0.000000e+00 3.827938e-10 3.653053e-09 3.844450e-09 0.000000e+00 1.010960e+00 1.011020e+00 6.976700e-01
2.547820750e+06 4815 8981 2.845256e-09 1.347576e-09 4.0 1 2.335711e-09 0.000000e+00 5.971990e-10 4.425283e-10 8.184632e-10 0.000000e+00 1.220570e+00 1.220530e+00 7.587800e-01
2.550626000e+06 9866 9837 1.764996e-06 2.303315e-09 2.0 1 1.767293e-06 0.000000e+00 4.020236e-07 5.848468e-10 4.026084e-07 0.000000e+00 1.054100e+00 1.053900e+00 4.462900e-01
2.552055250e+06 6738 8106 7.336650e-09 8.656047e-07 2.0 1 8.728577e-07 0.000000e+00 9.896870e-10 1.853885e-07 1.863781e-07 0.000000e+00 9.755020e-01 9.755120e-01 5.995920e-01
2.553833250e+06 7317 1893 1.724375e-09 7.909460e-07 2.0 1 7.926654e-07 0.000000e+00 3.467411e-10 1.745671e-07 1.749139e-07 0.000000e+00 1.205640e+00 1.205440e+00 4.878400e-01
2.554327500e+06 8106 9774 8.728833e-07 9.857600e-08 3.2 2 8.728833e-07 9.862058e-08 1.863781e-07 2.244375e-08 1.863781e-07 2.244375e-08 0.000000e+00 0.000000e+00 7.279330e-01
2.563886250e+06 3506 4815 8.490322e-09 2.338387e-09 3.2 2 8.490322e-09 2.339445e-09 3.505097e-09 8.187819e-10 3.505097e-09 8.187819e-10 0.000000e+00 0.000000e+00 9.422220e-01
2.570635750e+06 9519 7717 2.119112e-08 6.154284e-09 3.6 2 2.119112e-08 5.132985e-09 3.770818e-09 9.699082e-10 3.770818e-09 9.699082e-10 9.656380e-01 9.655470e-01 9.124730e-01
2.573058000e+06 3751 8267 1.902742e-09 2.062413e-09 3.2 2 2.062413e-09 1.903603e-09 3.313938e-10 4.345695e-10 4.345695e-10 3.313938e-10 0.000000e+00 0.000000e+00 9.954640e-01
2.576155750e+06 358 9578 7.191657e-09 5.339413e-09 3.2 2 7.191657e-09 5.341828e-09 1.075103e-09 1.135910e-09 1.075103e-09 1.135910e-09 0.000000e+00 0.000000e+00 9.026960e-01
2.582836500e+06 9283 4346 2.865390e-08 5.708022e-09 2.0 1 3.363975e-08 0.000000e+00 6.630161e-09 2.430748e-09 9.060909e-09 0.000000e+00 1.382930e+00 1.382930e+00 6.252350e-01
2.585590000e+06 9001 3530 1.316345e-08 5.596219e-09 3.6 2 1.316345e-08 2.516902e-09 3.130859e-09 7.310220e-10 3.130859e-09 7.310220e-10 9.954390e-01 9.954110e-01 8.095960e-01
2.599401750e+06 9810 453 2.342506e-09 1.267212e-06 3.8 1 1.267212e-06 0.000000e+00 1.476384e-09 2.612642e-07 2.612642e-07 0.000000e+00 6.232520e-01 6.235430e-01 9.652370e-01
2.604647000e+06 7947 9283 1.299997e-08 3.367592e-08 3.2 2 3.367592e-08 1.300585e-08 3.744831e-09 9.060909e-09 9.060909e-09 3.744831e-09 0.000000e+00 0.000000e+00 9.945410e-01
2.609378000e+06 2238 6762 2.412169e-09 2.126702e-09 5.0 0 0.000000e+00 0.000000e+00 3.571084e-10 4.435053e-10 1.846885e-11 0.000000e+00 0.000000e+00 0.000000e+00 4.984490e-01
2.609931250e+06 8176 1330 9.796191e-10 9.750813e-10 3.2 2 9.796191e-10 9.755226e-10 2.522700e-10 1.973813e-10 2.522700e-10 1.973813e-10 0.000000e+00 0.000000e+00 7.186890e-01
2.615479750e+06 9742 9215 8.019679e-10 2.087970e-08 2.0 1 2.159110e-08 0.000000e+00 2.295265e-10 4.901576e-09 5.131103e-09 0.000000e+00 1.298260e+00 1.298310e+00 6.798530e-01
2.615628250e+06 9710 5353 1.367496e-08 4.570351e-09 3.2 2 1.367496e-08 4.572419e-09 3.317272e-09 2.277767e-09 3.317272e-09 2.277767e-09 0.000000e+00 0.000000e+00 9.946690e-01
2.616642250e+06 9866 9174 1.767298e-06 6.424948e-09 2.0 1 1.773694e-06 0.000000e+00 4.026086e-07 1.837970e-09 4.044465e-07 0.000000e+00 1.034870e+00 1.034620e+00 6.778880e-01
2.629402500e+06 6795 1759 2.469137e-08 1.987170e-06 2.0 1 2.011725e-06 0.000000e+00 3.670551e-09 4.366389e-07 4.403095e-07 0.000000e+00 7.928810e-01 7.925420e-01 4.408280e-01
2.630251000e+06 5082 6376 2.371843e-09 1.083332e-08 3.2 2 1.083332e-08 2.372917e-09 5.250075e-10 9.615148e-10 9.615148e-10 5.250075e-10 0.000000e+00 0.000000e+00 7.236820e-01
2.633431500e+06 6501 9866 4.427935e-09 1.773707e-06 2.0 1 1.778125e-06 0.000000e+00 1.185982e-09 4.044465e-07 4.056325e-07 0.000000e+00 9.746630e-01 9.747630e-01 8.084790e-01
2.640426750e+06 3377 1460 8.100898e-09 4.493927e-09 3.2 2 8.100898e-09 4.495961e-09 1.710966e-09 1.250641e-09 1.710966e-09 1.250641e-09 0.000000e+00 0.000000e+00 5.802240e-01
2.641567250e+06 9872 3556 3.243650e-08 1.321716e-08 3.2 2 3.243650e-08 1.322314e-08 6.500908e-09 2.699187e-09 6.500908e-09 2.699187e-09 0.000000e+00 0.000000e+00 6.312390e-01
2.643653250e+06 9312 8498 4.665198e-08 2.110528e-09 2.0 1 4.855297e-08 0.000000e+00 1.015377e-08 4.441083e-10 1.059788e-08 0.000000e+00 1.224910e+00 1.224790e+00 7.134270e-01
2.647949000e+06 9866 8897 1.778125e-06 8.086982e-09 3.6 2 1.778125e-06 7.912694e-09 4.056325e-07 1.634941e-09 4.056325e-07 1.634941e-09 9.688350e-01 9.690160e-01 9.724420e-01
2.650212750e+06 9545 9233 3.129078e-07 1.688972e-09 3.6 2 3.129078e-07 1.638655e-09 6.181028e-08 8.369142e-10 6.181028e-08 8.369142e-10 1.142890e+00 1.142930e+00 9.889520e-01
2.651407500e+06 1893 8163 7.930324e-07 2.364537e-09 3.6 1 7.930324e-07 0.000000e+00 1.749645e-07 4.780119e-10 1.749645e-07 0.000000e+00 1.150350e+00 1.150170e+00 9.253970e-01
2.651668000e+06 9774 9215 9.860136e-08 2.161294e-08 2.0 1 1.156428e-07 0.000000e+00 2.244407e-08 5.133214e-09 2.757728e-08 0.000000e+00 1.239060e+00 1.239210e+00 3.697130e-01
2.662628250e+06 7479 7053 6.937385e-09 3.975829e-09 4.0 1 5.088439e-09 0.000000e+00 9.071136e-10 6.332552e-10 1.223741e-09 0.000000e+00 1.260490e+00 1.260500e+00 4.764430e-01
2.665352500e+06 7036 9866 3.759767e-09 1.778125e-06 2.0 1 1.781879e-06 0.000000e+00 8.767925e-10 4.056325e-07 4.065093e-07 0.000000e+00 1.091360e+00 1.091630e+00 7.838210e-01
2.670171000e+06 3751 7718 1.948419e-09 1.981564e-09 5.0 0 0.000000e+00 0.000000e+00 3.326870e-10 4.836163e-10 1.976015e-11 0.000000e+00 0.000000e+00 0.000000e+00 5.942510e-01
2.671557000e+06 6461 6810 1.747226e-09 5.563752e-09 4.0 1 2.923301e-09 0.000000e+00 3.504556e-10 8.196225e-10 9.948503e-10 0.000000e+00 1.189310e+00 1.189240e+00 6.551800e-01
2.682553000e+06 4150 2597 5.588290e-08 2.106476e-09 3.6 2 5.588290e-08 7.979659e-10 1.262614e-08 3.361115e-10 1.262614e-08 3.361115e-10 8.362650e-01 8.362940e-01 8.846640e-01
2.683240500e+06 9901 9956 4.899490e-08 3.207820e-07 2.0 1 3.510381e-07 0.000000e+00 9.710676e-09 7.338543e-08 8.309610e-08 0.000000e+00 8.607680e-01 8.610110e-01 2.095780e-01
2.683785500e+06 9309 2229 3.332326e-09 1.573460e-06 2.0 1 1.576789e-06 0.000000e+00 2.001439e-09 3.223578e-07 3.243592e-07 0.000000e+00 7.435800e-01 7.435150e-01 8.397460e-01
2.694446750e+06 1893 7084 7.974832e-07 9.026518e-09 2.0 1 8.063613e-07 0.000000e+00 1.753207e-07 2.630942e-09 1.779517e-07 0.000000e+00 1.133790e+00 1.133620e+00 6.777560e-01
2.697259500e+06 3202 1893 1.457211e-09 8.063681e-07 3.6 2 8.063681e-07 1.384706e-09 2.948938e-10 1.779517e-07 1.779517e-07 2.948938e-10 1.255210e+00 1.255090e+00 9.883470e-01
2.699758750e+06 358 9162 7.425801e-09 4.650255e-09 4.0 1 4.683823e-09 0.000000e+00 1.104526e-09 1.653584e-09 1.931318e-09 0.000000e+00 1.137780e+00 1.137820e+00 4.037250e-01
2.702360250e+06 9259 732 4.157869e-09 1.565998e-09 4.0 1 3.566476e-09 0.000000e+00 8.548870e-10 2.756722e-10 9.927231e-10 0.000000e+00 1.111220e+00 1.111270e+00 7.300690e-01
2.705113750e+06 9651 1637 5.280472e-09 2.393441e-09 5.0 0 0.000000e+00 0.000000e+00 1.103968e-09 3.981894e-10 2.868880e-10 0.000000e+00 0.000000e+00 0.000000e+00 4.721780e-01
2.718083250e+06 9934 9723 8.920773e-08 8.521388e-09 3.6 2 8.920773e-08 7.458056e-09 2.088438e-08 2.151147e-09 2.088438e-08 2.151147e-09 1.203170e+00 1.203010e+00 7.887550e-01
2.718998500e+06 6706 4302 7.708184e-09 1.602582e-08 5.0 1 2.020171e-09 0.000000e+00 2.010326e-09 2.939654e-09 2.020171e-09 0.000000e+00 1.241450e+00 1.241540e+00 5.798950e-01
2.722407250e+06 9405 9283 2.125506e-09 3.387717e-08 3.2 2 3.387717e-08 2.126468e-09 9.944398e-10 9.081349e-09 9.081349e-09 9.944398e-10 0.000000e+00 0.000000e+00 8.081380e-01
2.724016250e+06 9956 7100 3.510381e-07 3.066636e-08 3.2 2 3.510381e-07 3.068023e-08 8.309610e-08 6.281986e-09 8.309610e-08 6.281986e-09 0.000000e+00 0.000000e+00 8.656520e-01
2.729392750e+06 8427 1893 7.471225e-09 1.384080e-09 4.0 1 5.963871e-09 0.000000e+00 1.439166e-09 2.948938e-10 1.586613e-09 0.000000e+00 1.244810e+00 1.244760e+00 6.709040e-01
2.729495750e+06 9987 9866 7.653082e-10 1.781881e-06 2.0 1 1.782645e-06 0.000000e+00 6.582385e-10 4.065093e-07 4.071676e-07 0.000000e+00 1.088620e+00 1.088590e+00 4.539360e-01
2.738426000e+06 1970 9312 4.875059e-09 4.997871e-08 3.2 2 4.997871e-08 4.877265e-09 4.850756e-10 1.073258e-08 1.073258e-08 4.850756e-10 0.000000e+00 0.000000e+00 9.425760e-01
2.742434750e+06 5549 6087 1.861011e-09 2.359429e-09 4.0 0 0.000000e+00 0.000000e+00 3.324633e-10 6.172450e-10 5.341414e-10 0.000000e+00 0.000000e+00 0.000000e+00 3.002270e-01
2.743100000e+06 4554 9774 4.939102e-09 1.168454e-07 3.8 1 1.168454e-07 0.000000e+00 8.227018e-10 2.771650e-08 2.771650e-08 0.000000e+00 1.050010e+00 1.049990e+00 8.534250e-01
2.743387750e+06 9836 2203 1.439087e-08 1.459834e-08 4.0 1 1.032472e-08 0.000000e+00 3.241785e-09 3.072061e-09 4.692954e-09 0.000000e+00 1.250920e+00 1.251030e+00 3.215860e-01
2.744658250e+06 8752 7506 6.363709e-09 1.609556e-09 4.0 1 5.226525e-09 0.000000e+00 9.441554e-10 3.286616e-10 1.108486e-09 0.000000e+00 3.845640e-01 3.845950e-01 8.915780e-01
2.749318000e+06 9926 8408 1.709825e-08 2.093937e-09 2.0 1 1.819462e-08 0.000000e+00 3.659265e-09 4.076108e-10 4.066876e-09 0.000000e+00 1.074890e+00 1.074980e+00 5.052810e-01
2.749799500e+06 8734 2229 3.445315e-09 1.576790e-06 2.0 1 1.580226e-06 0.000000e+00 1.790269e-09 3.243592e-07 3.261495e-07 0.000000e+00 7.439000e-01 7.441090e-01 4.637470e-01
2.750625750e+06 93 3202 1.700555e-09 8.222860e-07 2.0 1 8.239770e-07 0.000000e+00 2.822074e-10 1.798435e-07 1.801257e-07 0.000000e+00 1.145960e+00 1.145730e+00 6.084960e-01
2.753346000e+06 7804 5353 1.791970e-09 4.649486e-09 3.8 1 4.649486e-09 0.000000e+00 3.555129e-10 2.286478e-09 2.286478e-09 0.000000e+00 1.433050e+00 1.433000e+00 7.789510e-01
2.762567250e+06 3377 9262 8.183715e-09 2.203921e-09 3.8 1 8.183715e-09 0.000000e+00 1.722937e-09 1.879504e-09 1.722937e-09 0.000000e+00 1.127270e+00 1.127290e+00 6.629630e-01
2.765624500e+06 3202 9768 8.241948e-07 9.355177e-09 2.0 1 8.334982e-07 0.000000e+00 1.802487e-07 2.060122e-09 1.823089e-07 0.000000e+00 1.173420e+00 1.173670e+00 5.633320e-01
2.766894750e+06 2527 9797 2.280788e-09 1.919108e-08 3.2 2 1.919108e-08 2.281819e-09 3.347759e-10 4.293717e-09 4.293717e-09 3.347759e-10 0.000000e+00 0.000000e+00 9.593280e-01
2.768391000e+06 9956 2320 3.517129e-07 7.707300e-08 2.0 1 4.186580e-07 0.000000e+00 8.318614e-08 1.834325e-08 1.015294e-07 0.000000e+00 9.937320e-01 9.935480e-01 4.378360e-01
2.777353000e+06 9714 2437 6.448001e-09 9.678497e-10 3.8 1 6.448001e-09 0.000000e+00 1.646338e-09 1.901265e-10 1.646338e-09 0.000000e+00 1.604700e+00 1.604750e+00 6.819350e-01
2.782721000e+06 4127 634 4.432938e-09 1.978471e-08 3.6 2 1.978471e-08 2.787470e-09 8.130696e-10 4.809220e-09 4.809220e-09 8.130696e-10 8.219850e-01 8.220730e-01 6.861340e-01
2.784247250e+06 2229 460 1.580234e-06 2.746921e-08 2.0 1 1.607631e-06 0.000000e+00 3.261495e-07 3.146717e-09 3.292962e-07 0.000000e+00 7.262730e-01 7.263540e-01 7.626930e-01
2.785288500e+06 7963 9545 6.849077e-09 3.172485e-07 3.6 2 3.172485e-07 2.626285e-09 2.672832e-09 6.276572e-08 6.276572e-08 2.625098e-09 1.118380e+00 1.118420e+00 9.116320e-01
2.796271250e+06 4801 9774 6.048253e-09 1.177260e-07 3.8 1 1.177260e-07 0.000000e+00 7.600125e-10 2.783701e-08 2.783701e-08 0.000000e+00 1.165280e+00 1.165210e+00 8.605290e-01
2.801503250e+06 5123 9866 1.580717e-09 1.785115e-06 2.0 1 1.786695e-06 0.000000e+00 2.903933e-10 4.075100e-07 4.078004e-07 0.000000e+00 1.015090e+00 1.014860e+00 7.893080e-01
2.802515250e+06 1460 1478 4.611703e-09 7.074590e-09 4.0 1 5.267572e-09 0.000000e+00 1.257765e-09 2.086889e-09 2.715772e-09 0.000000e+00 9.864710e-01 9.863990e-01 7.061680e-01
2.814302000e+06 8689 453 9.020032e-09 1.269173e-06 3.2 2 1.269173e-06 9.024111e-09 1.343871e-09 2.624999e-07 2.624999e-07 1.343871e-09 0.000000e+00 0.000000e+00 9.728990e-01
2.816516500e+06 5743 7788 4.211767e-09 3.376531e-09 3.2 2 4.211767e-09 3.378058e-09 1.162370e-09 8.500064e-10 1.162370e-09 8.500064e-10 0.000000e+00 0.000000e+00 8.858860e-01
2.817596750e+06 7384 9462 1.925961e-09 4.877533e-09 3.8 1 4.877533e-09 0.000000e+00 3.744063e-10 1.146018e-09 1.146018e-09 0.000000e+00 1.290660e+00 1.290690e+00 7.949840e-01
2.818848500e+06 9956 6955 4.206095e-07 4.988071e-09 2.0 1 4.255292e-07 0.000000e+00 1.015599e-07 1.151729e-09 1.027116e-07 0.000000e+00 1.011150e+00 1.011110e+00 7.325480e-01
2.819207750e+06 1759 3912 2.024667e-06 1.714619e-09 2.0 1 2.026364e-06 0.000000e+00 4.403095e-07 2.963935e-10 4.406059e-07 0.000000e+00 8.475690e-01 8.475020e-01 4.727630e-01
2.828981500e+06 7963 9866 3.201227e-07 1.786720e-06 2.0 1 2.098148e-06 0.000000e+00 6.301794e-08 4.078004e-07 4.708183e-07 0.000000e+00 1.006860e+00 1.006420e+00 5.273200e-01
2.832950500e+06 1759 6238 2.026371e-06 3.277923e-09 2.0 1 2.029646e-06 0.000000e+00 4.406059e-07 5.045855e-10 4.411105e-07 0.000000e+00 8.550620e-01 8.551880e-01 2.595780e-01
2.834152000e+06 8106 3168 8.768350e-07 4.047033e-08 3.2 2 8.768350e-07 4.048864e-08 1.863781e-07 8.000443e-09 1.863781e-07 8.000443e-09 0.000000e+00 0.000000e+00 9.767530e-01
2.844366000e+06 9956 3530 4.260324e-07 3.047822e-09 2.0 1 4.290714e-07 0.000000e+00 1.027134e-07 7.509317e-10 1.034643e-07 0.000000e+00 9.753850e-01 9.754370e-01 2.822190e-01
2.849840000e+06 7174 8764 9.127880e-09 1.212817e-09 4.0 1 3.316790e-09 0.000000e+00 1.191539e-09 8.355837e-10 1.609330e-09 0.000000e+00 1.240940e+00 1.240880e+00 6.305360e-01
2.853985500e+06 1759 7174 2.029648e-06 3.330646e-09 2.0 1 2.032974e-06 0.000000e+00 4.411105e-07 1.610155e-09 4.427206e-07 0.000000e+00 8.167930e-01 8.167670e-01 8.509460e-01
2.879944250e+06 7788 9259 3.448313e-09 3.670563e-09 3.2 2 3.670563e-09 3.449874e-09 8.559770e-10 1.005314e-09 1.005314e-09 8.559770e-10 0.000000e+00 0.000000e+00 8.556340e-01
2.893365500e+06 1759 8106 2.032976e-06 8.768365e-07 3.2 2 2.032976e-06 8.772334e-07 4.427206e-07 1.863781e-07 4.427206e-07 1.863781e-07 0.000000e+00 0.000000e+00 7.205800e-01
2.904772250e+06 822 9022 9.612206e-09 7.111766e-07 2.0 1 7.207008e-07 0.000000e+00 1.490465e-09 1.546882e-07 1.561787e-07 0.000000e+00 5.224690e-01 5.223880e-01 5.862780e-01
2.922420250e+06 9272 1759 6.794444e-09 2.032976e-06 2.0 1 2.039702e-06 0.000000e+00 1.179211e-09 4.427206e-07 4.438998e-07 0.000000e+00 8.496540e-01 8.496260e-01 7.107760e-01
2.955081500e+06 9707 7176 2.098617e-08 2.377404e-09 3.8 1 2.098617e-08 0.000000e+00 4.168967e-09 4.241954e-10 4.168967e-09 0.000000e+00 1.018510e+00 1.018520e+00 7.377230e-01
2.976011500e+06 9956 8916 4.290746e-07 1.966691e-09 2.0 1 4.310129e-07 0.000000e+00 1.034643e-07 1.109232e-09 1.045735e-07 0.000000e+00 9.358040e-01 9.359220e-01 3.268750e-01
2.992190500e+06 2229 5487 1.607684e-06 9.375518e-10 2.0 1 1.608596e-06 0.000000e+00 3.292962e-07 2.006308e-10 3.294969e-07 0.000000e+00 6.985050e-01 6.985160e-01 8.360060e-01
3.000146250e+06 9866 4310 2.104094e-06 3.569203e-09 2.0 1 2.107646e-06 0.000000e+00 4.710235e-07 5.030152e-10 4.715266e-07 0.000000e+00 1.060540e+00 1.060580e+00 2.903000e-01
3.012690500e+06 6376 8106 1.160825e-08 8.768471e-07 3.2 2 8.768471e-07 1.161350e-08 9.615148e-10 1.863781e-07 1.863781e-07 9.615148e-10 0.000000e+00 0.000000e+00 9.688610e-01
3.032604750e+06 8708 9934 2.725876e-09 8.930570e-08 2.0 1 9.174714e-08 0.000000e+00 5.754178e-10 2.090126e-08 2.147667e-08 0.000000e+00 1.282190e+00 1.282050e+00 5.270830e-01
3.033778250e+06 9866 9312 2.107654e-06 5.184081e-08 2.0 1 2.155829e-06 0.000000e+00 4.715266e-07 1.105167e-08 4.825782e-07 0.000000e+00 1.080090e+00 1.079760e+00 3.002080e-01
3.037169750e+06 5494 9808 2.114610e-09 9.243445e-08 3.2 2 9.243445e-08 2.115566e-09 3.515020e-10 2.645015e-08 2.645015e-08 3.515020e-10 0.000000e+00 0.000000e+00 8.279630e-01
3.056197500e+06 3202 8936 8.363561e-07 3.749307e-09 3.6 2 8.363561e-07 1.505658e-09 1.825597e-07 8.088977e-10 1.825597e-07 8.088977e-10 1.192890e+00 1.193000e+00 9.681080e-01
3.064907500e+06 1524 5353 3.133065e-09 4.711587e-09 5.0 0 0.000000e+00 0.000000e+00 4.877064e-10 2.295172e-09 3.617965e-10 0.000000e+00 0.000000e+00 0.000000e+00 3.661600e-01
3.069636500e+06 3202 8053 8.369534e-07 1.712344e-09 3.8 1 8.369534e-07 0.000000e+00 1.827172e-07 2.889366e-10 1.827172e-07 0.000000e+00 1.154520e+00 1.154350e+00 9.420010e-01
3.075788750e+06 1341 9866 4.663794e-09 2.157787e-06 2.0 1 2.162418e-06 0.000000e+00 6.207146e-10 4.825782e-07 4.831989e-07 0.000000e+00 1.056820e+00 1.057120e+00 4.671960e-01
3.079029250e+06 6181 7471 1.927596e-09 1.407220e-08 3.6 2 1.407220e-08 1.736441e-09 3.938361e-10 4.017434e-09 4.017434e-09 3.938361e-10 1.103710e+00 1.103760e+00 9.453370e-01
3.097284750e+06 2229 2586 1.608596e-06 5.551445e-09 3.2 2 1.608596e-06 5.553959e-09 3.294969e-07 5.689925e-10 3.294969e-07 5.689925e-10 0.000000e+00 0.000000e+00 9.973700e-01
3.101968250e+06 7471 9866 1.736355e-09 2.162432e-06 2.0 1 2.164167e-06 0.000000e+00 3.938878e-10 4.831989e-07 4.835928e-07 0.000000e+00 1.062830e+00 1.063110e+00 8.576470e-01
3.105239750e+06 9636 9545 1.402028e-09 2.691418e-09 5.0 0 0.000000e+00 0.000000e+00 3.086147e-10 2.630717e-09 2.933659e-11 0.000000e+00 0.000000e+00 0.000000e+00 4.883220e-01
3.108827000e+06 1759 9774 2.039748e-06 1.194131e-07 3.2 2 2.039748e-06 1.194671e-07 4.438998e-07 2.821114e-08 4.438998e-07 2.821114e-08 0.000000e+00 0.000000e+00 9.568950e-01
3.110456000e+06 1970 1759 5.608479e-09 2.039748e-06 2.0 1 2.045327e-06 0.000000e+00 6.201408e-10 4.438998e-07 4.445200e-07 0.000000e+00 8.866480e-01 8.867720e-01 7.043090e-01
3.113531500e+06 2229 6371 1.608596e-06 1.587067e-08 2.0 1 1.624329e-06 0.000000e+00 3.294969e-07 3.729768e-09 3.332266e-07 0.000000e+00 6.865390e-01 6.863570e-01 6.025200e-01
3.122015750e+06 8106 4401 8.768530e-07 1.570971e-09 2.0 1 8.783973e-07 0.000000e+00 1.863781e-07 2.841975e-10 1.866623e-07 0.000000e+00 8.662740e-01 8.664970e-01 1.680070e-01
3.128730000e+06 9173 1759 7.276192e-09 2.045354e-06 2.0 1 2.052597e-06 0.000000e+00 1.236511e-09 4.445200e-07 4.457565e-07 0.000000e+00 8.871370e-01 8.873820e-01 3.206200e-01
3.136726000e+06 1759 1446 2.052614e-06 2.322080e-09 2.0 1 2.054933e-06 0.000000e+00 4.457565e-07 3.898594e-10 4.461463e-07 0.000000e+00 8.138960e-01 8.142050e-01 8.313860e-01
3.138280000e+06 362 8752 1.173075e-09 5.233558e-09 4.0 1 4.709893e-09 0.000000e+00 2.239393e-10 1.108486e-09 1.220456e-09 0.000000e+00 3.487940e-01 3.488000e-01 9.138490e-01
3.143470250e+06 2214 7613 6.866921e-10 1.576721e-09 5.0 0 0.000000e+00 0.000000e+00 1.481673e-10 6.354325e-10 1.780681e-11 0.000000e+00 0.000000e+00 0.000000e+00 5.022970e-01
3.144089250e+06 3202 2055 8.372474e-07 4.504686e-09 2.0 1 8.417307e-07 0.000000e+00 1.827937e-07 9.950233e-10 1.837887e-07 0.000000e+00 1.185450e+00 1.185280e+00 6.300400e-01
3.147856250e+06 6376 1759 1.160867e-08 2.054935e-06 2.0 1 2.066404e-06 0.000000e+00 9.615148e-10 4.461463e-07 4.471078e-07 0.000000e+00 9.137630e-01 9.134220e-01 4.017470e-01
3.171258750e+06 9514 3202 3.832013e-09 8.419276e-07 3.2 2 8.419276e-07 3.833747e-09 8.263136e-10 1.838552e-07 1.838552e-07 8.263136e-10 0.000000e+00 0.000000e+00 9.552900e-01
3.171483000e+06 9107 1759 2.105147e-08 2.066460e-06 3.2 2 2.066460e-06 2.106099e-08 4.427043e-09 4.471078e-07 4.471078e-07 4.427043e-09 0.000000e+00 0.000000e+00 8.711030e-01
3.172926500e+06 5082 1759 3.113847e-09 2.066460e-06 2.0 1 2.069572e-06 0.000000e+00 5.421356e-10 4.471078e-07 4.476500e-07 0.000000e+00 8.730180e-01 8.729120e-01 3.689420e-01
3.173343750e+06 9866 9608 2.164167e-06 3.357880e-08 2.0 1 2.197595e-06 0.000000e+00 4.835928e-07 8.246192e-09 4.918390e-07 0.000000e+00 1.037220e+00 1.037410e+00 5.275480e-01
3.179908500e+06 1348 9322 7.247101e-10 2.906075e-09 5.0 0 0.000000e+00 0.000000e+00 1.530026e-10 1.417092e-09 2.540731e-10 0.000000e+00 0.000000e+00 0.000000e+00 6.625780e-01
3.180719500e+06 8793 126 1.721605e-08 5.603029e-08 3.6 2 5.603029e-08 1.527158e-08 3.581621e-09 9.767913e-09 9.767913e-09 3.581621e-09 9.940250e-01 9.938760e-01 8.243540e-01
3.189989500e+06 1759 9774 2.069735e-06 1.196455e-07 1.0 1 2.189380e-06 0.000000e+00 4.476500e-07 2.821114e-08 4.758611e-07 0.000000e+00 0.000000e+00 0.000000e+00 4.002600e-01
3.194953000e+06 4586 3644 2.159461e-08 2.769024e-09 2.0 1 2.198716e-08 0.000000e+00 3.819467e-09 4.546839e-10 4.243084e-09 0.000000e+00 1.136760e+00 1.136730e+00 4.427640e-01
3.199280000e+06 4150 6107 5.992452e-08 1.771136e-08 2.0 1 7.580523e-08 0.000000e+00 1.343362e-08 3.970856e-09 1.740448e-08 0.000000e+00 1.347880e+00 1.347790e+00 3.884460e-01
3.211157000e+06 9808 5328 9.312206e-08 1.696059e-09 2.0 1 9.472851e-08 0.000000e+00 2.676569e-08 3.330047e-10 2.709870e-08 0.000000e+00 1.322370e+00 1.322480e+00 7.786390e-01
3.213316750e+06 8106 1759 8.790895e-07 2.189380e-06 3.2 2 2.189380e-06 8.794872e-07 1.866623e-07 4.758611e-07 4.758611e-07 1.866623e-07 0.000000e+00 0.000000e+00 9.081410e-01
3.219454750e+06 8106 8793 8.790895e-07 5.616641e-08 3.2 2 8.790895e-07 5.619185e-08 1.866623e-07 9.767913e-09 1.866623e-07 9.767913e-09 0.000000e+00 0.000000e+00 9.680770e-01
3.229415250e+06 6810 8561 3.584455e-09 2.138568e-09 5.0 0 0.000000e+00 0.000000e+00 1.104372e-09 4.485301e-10 4.790040e-10 0.000000e+00 0.000000e+00 0.000000e+00 3.178150e-01
3.239508000e+06 9107 1759 2.124354e-08 2.189380e-06 3.8 3 2.189380e-06 3.139518e-09 4.473746e-09 4.758611e-07 4.758611e-07 3.138098e-09 9.468640e-01 9.468420e-01 8.402610e-01
3.242038750e+06 9519 6392 2.362261e-08 2.136108e-09 3.8 1 2.362261e-08 0.000000e+00 4.054420e-09 3.948852e-10 4.054420e-09 0.000000e+00 8.852060e-01 8.851790e-01 9.075140e-01
3.242933500e+06 9107 1690 2.199088e-06 2.374743e-09 2.0 1 2.201460e-06 0.000000e+00 4.760107e-07 4.353215e-10 4.764461e-07 0.000000e+00 9.337640e-01 9.337080e-01 3.082940e-01
3.246389000e+06 9934 9808 9.235620e-08 9.507817e-08 3.2 2 9.507817e-08 9.239797e-08 2.167870e-08 2.719157e-08 2.719157e-08 2.167870e-08 0.000000e+00 0.000000e+00 6.757020e-01
3.253014250e+06 3506 9107 1.085911e-08 2.201979e-06 3.6 2 2.201979e-06 1.047867e-08 3.779488e-09 4.764785e-07 4.764785e-07 3.779488e-09 8.104390e-01 8.107130e-01 9.562780e-01
3.255546250e+06 126 9357 1.540738e-08 4.424036e-09 4.0 1 9.469736e-09 0.000000e+00 3.616891e-09 1.363313e-09 4.298547e-09 0.000000e+00 1.264080e+00 1.264150e+00 1.211670e-01
3.255740750e+06 453 6079 1.269335e-06 6.564001e-09 3.6 2 1.269335e-06 5.506138e-09 2.624999e-07 6.140288e-10 2.624999e-07 6.140288e-10 6.089230e-01 6.089200e-01 9.720510e-01
3.256380000e+06 2586 2229 5.552492e-09 1.624343e-06 2.0 1 1.629816e-06 0.000000e+00 5.689925e-10 3.332266e-07 3.337956e-07 0.000000e+00 6.803390e-01 6.802060e-01 6.768830e-01
3.271956250e+06 2470 5706 6.495590e-10 9.649176e-09 3.2 2 9.649176e-09 6.498527e-10 1.424140e-10 2.306374e-09 2.306374e-09 1.424140e-10 0.000000e+00 0.000000e+00 9.797490e-01
3.275434750e+06 6360 4370 1.363195e-09 3.599128e-09 4.0 1 2.379855e-09 0.000000e+00 2.745184e-10 5.698420e-10 7.071012e-10 0.000000e+00 1.329040e+00 1.328980e+00 7.644930e-01
3.276944250e+06 3556 9370 1.322201e-08 7.252961e-09 3.2 2 1.322201e-08 7.256241e-09 2.699187e-09 1.275457e-09 2.699187e-09 1.275457e-09 0.000000e+00 0.000000e+00 6.578370e-01
3.277783750e+06 9931 9866 2.525094e-08 2.197670e-06 2.0 1 2.222737e-06 0.000000e+00 5.314438e-09 4.918390e-07 4.971535e-07 0.000000e+00 1.032770e+00 1.032400e+00 1.033010e-01
3.282597250e+06 7139 2203 1.658842e-09 1.074728e-08 3.2 2 1.074728e-08 1.659592e-09 3.549336e-10 4.791752e-09 4.791752e-09 3.549336e-10 0.000000e+00 0.000000e+00 6.731340e-01
3.284256750e+06 3506 9178 2.202071e-06 1.258394e-08 3.2 2 2.202071e-06 1.258963e-08 4.764785e-07 3.071592e-09 4.764785e-07 3.071592e-09 0.000000e+00 0.000000e+00 9.942080e-01
3.286346750e+06 6759 8650 1.437915e-09 4.953445e-09 5.0 0 0.000000e+00 0.000000e+00 2.997177e-10 1.473400e-09 1.296653e-10 0.000000e+00 0.000000e+00 0.000000e+00 8.202700e-01
3.305807000e+06 3275 9956 4.543485e-09 4.358175e-07 2.0 1 4.401364e-07 0.000000e+00 6.040750e-10 1.050409e-07 1.056450e-07 0.000000e+00 7.789330e-01 7.791110e-01 7.569060e-01
3.310460000e+06 7446 7717 3.942107e-08 6.229027e-09 4.0 1 3.921620e-08 0.000000e+00 8.442300e-09 1.032576e-09 8.958588e-09 0.000000e+00 1.072620e+00 1.072560e+00 5.025580e-01
3.318328000e+06 2229 3168 1.630023e-06 4.068018e-08 3.6 2 1.630023e-06 3.769928e-08 3.337956e-07 8.028334e-09 3.337956e-07 8.028334e-09 6.890460e-01 6.889810e-01 8.829500e-01
3.328117750e+06 9107 8106 1.049901e-08 8.820492e-07 3.6 2 8.820492e-07 6.387713e-09 3.779488e-09 1.869494e-07 1.869494e-07 3.779488e-09 7.141780e-01 7.143780e-01 9.034410e-01
3.336067500e+06 7528 7352 8.952230e-09 1.969452e-09 3.6 2 8.952230e-09 7.914067e-10 9.811328e-10 9.824599e-10 9.811328e-10 7.910486e-10 1.074750e+00 1.074680e+00 6.514850e-01
3.368212750e+06 7345 9866 5.604933e-09 2.228211e-06 2.0 1 2.233808e-06 0.000000e+00 1.833501e-09 4.981265e-07 4.999600e-07 0.000000e+00 1.089100e+00 1.089470e+00 6.534990e-01
3.374754000e+06 9569 1478 3.462109e-09 5.729542e-09 3.2 2 5.729542e-09 3.463676e-09 6.105259e-10 2.786923e-09 2.786923e-09 6.105259e-10 0.000000e+00 0.000000e+00 8.195060e-01
3.415305750e+06 7039 1498 1.414622e-09 3.124031e-09 5.0 0 0.000000e+00 0.000000e+00 2.969244e-10 1.065829e-09 1.904065e-11 0.000000e+00 0.000000e+00 0.000000e+00 6.998970e-01
3.429611750e+06 8106 8793 6.559208e-09 5.877234e-08 2.0 1 6.234720e-08 0.000000e+00 3.779488e-09 1.013707e-08 1.381424e-08 0.000000e+00 7.548520e-01 7.548010e-01 5.309990e-01
3.432468750e+06 2895 9841 9.092341e-10 1.115147e-08 2.0 1 1.169869e-08 0.000000e+00 1.978297e-10 2.676202e-09 2.874031e-09 0.000000e+00 1.171770e+00 1.171760e+00 4.091450e-01
3.438140750e+06 9866 6419 2.233948e-06 2.077823e-09 2.0 1 2.236024e-06 0.000000e+00 4.999600e-07 3.999220e-10 5.003599e-07 0.000000e+00 1.119990e+00 1.119780e+00 7.340830e-01
3.460678250e+06 9654 2229 1.203303e-08 1.635455e-06 2.0 1 1.647367e-06 0.000000e+00 2.810649e-09 3.338706e-07 3.366812e-07 0.000000e+00 6.789950e-01 6.791310e-01 7.464180e-01
3.499294750e+06 7618 3506 2.401168e-09 2.202071e-06 2.0 1 2.204469e-06 0.000000e+00 4.776459e-10 4.764785e-07 4.769562e-07 0.000000e+00 8.428720e-01 8.429920e-01 6.340240e-01
3.505450000e+06 1682 8514 2.627665e-09 2.036274e-09 3.2 2 2.627665e-09 2.037195e-09 4.613770e-10 4.346968e-10 4.613770e-10 4.346968e-10 0.000000e+00 0.000000e+00 9.329480e-01
3.506883000e+06 8984 4758 3.763287e-09 1.011402e-09 3.6 1 3.763287e-09 0.000000e+00 9.957259e-10 2.189154e-10 9.957259e-10 0.000000e+00 1.671120e+00 1.671160e+00 9.054790e-01
3.522469500e+06 259 4150 1.832547e-09 7.789907e-08 2.0 1 7.926613e-08 0.000000e+00 3.079919e-10 1.774814e-08 1.805614e-08 0.000000e+00 9.508370e-01 9.508920e-01 6.187710e-01
3.534758250e+06 4127 3202 2.211823e-08 8.428393e-07 3.2 2 8.428393e-07 2.212824e-08 5.016559e-09 1.839567e-07 1.839567e-07 5.016559e-09 0.000000e+00 0.000000e+00 8.297250e-01
3.545392250e+06 7100 4653 3.277663e-08 1.185382e-09 2.0 1 3.363088e-08 0.000000e+00 6.711912e-09 2.492010e-10 6.961113e-09 0.000000e+00 1.670110e+00 1.670210e+00 5.648250e-01
3.555122250e+06 5743 4767 4.487188e-09 9.927947e-10 5.0 0 0.000000e+00 0.000000e+00 1.228326e-09 2.124254e-10 2.621338e-10 0.000000e+00 0.000000e+00 0.000000e+00 4.882270e-01
3.556687500e+06 9866 8897 2.236028e-06 9.497718e-09 2.0 1 2.245497e-06 0.000000e+00 5.003599e-07 1.848374e-09 5.022083e-07 0.000000e+00 1.090990e+00 1.090690e+00 5.547240e-01
3.586697750e+06 6332 9001 3.014360e-09 1.468090e-08 4.0 1 1.416971e-08 0.000000e+00 5.172267e-10 3.331643e-09 3.590256e-09 0.000000e+00 9.674830e-01 9.674300e-01 2.486660e-01
3.596791500e+06 3620 9259 7.957138e-10 4.099674e-09 3.8 1 4.099674e-09 0.000000e+00 1.631758e-10 1.120103e-09 1.120103e-09 0.000000e+00 1.084440e+00 1.084430e+00 9.274210e-01
3.603515000e+06 4387 8793 9.631873e-10 6.256249e-08 4.0 1 6.195629e-08 0.000000e+00 2.049652e-10 1.383323e-08 1.393571e-08 0.000000e+00 1.152450e+00 1.152570e+00 5.169610e-01
3.623602250e+06 7659 3873 2.759133e-09 1.267132e-09 5.0 0 0.000000e+00 0.000000e+00 5.978754e-10 2.213534e-10 7.868684e-12 0.000000e+00 0.000000e+00 0.000000e+00 3.099590e-01
3.631048250e+06 9107 3547 8.844643e-07 1.122594e-09 2.0 1 8.855745e-07 0.000000e+00 1.871083e-07 2.130101e-10 1.873213e-07 0.000000e+00 9.477920e-01 9.479070e-01 1.547740e-01
3.646989000e+06 1913 3110 1.134070e-09 3.427027e-09 3.8 1 3.427027e-09 0.000000e+00 2.265025e-10 4.873703e-10 4.873703e-10 0.000000e+00 1.203850e+00 1.203870e+00 7.630080e-01
3.649383750e+06 3377 9620 8.933358e-09 5.983101e-09 3.2 2 8.933358e-09 5.985808e-09 1.843860e-09 1.478555e-09 1.843860e-09 1.478555e-09 0.000000e+00 0.000000e+00 9.262610e-01
3.653802250e+06 4150 3506 7.987978e-08 2.204471e-06 2.0 1 2.283936e-06 0.000000e+00 1.815344e-08 4.769562e-07 4.951096e-07 0.000000e+00 8.406500e-01 8.407220e-01 7.460720e-01
3.684075000e+06 6181 6446 1.471454e-08 3.241526e-09 4.0 1 7.609275e-09 0.000000e+00 4.220648e-09 5.876519e-10 4.514474e-09 0.000000e+00 1.039730e+00 1.039810e+00 4.827390e-01
3.688893500e+06 5277 8945 9.348884e-10 3.035633e-09 3.6 2 3.035633e-09 9.324734e-10 2.032882e-10 1.806970e-09 1.806970e-09 2.032882e-10 9.233620e-01 9.234010e-01 9.842630e-01
3.700236500e+06 3168 2229 3.929412e-08 1.647367e-06 3.2 2 1.647367e-06 3.931189e-08 8.044348e-09 3.366812e-07 3.366812e-07 8.044348e-09 0.000000e+00 0.000000e+00 9.895840e-01
3.718418000e+06 9381 829 4.822723e-09 1.713070e-09 3.6 2 4.822723e-09 1.702824e-09 1.023508e-09 3.051098e-10 1.023508e-09 3.051098e-10 1.675890e+00 1.675820e+00 9.789240e-01
3.736614500e+06 7352 9107 9.072988e-10 8.856379e-07 2.0 1 8.865409e-07 0.000000e+00 7.996227e-10 1.873213e-07 1.881209e-07 0.000000e+00 8.179680e-01 8.177490e-01 6.691410e-01
3.746164750e+06 9956 3377 4.434587e-07 8.937147e-09 2.0 1 4.518817e-07 0.000000e+00 1.059307e-07 1.844594e-09 1.077753e-07 0.000000e+00 9.448250e-01 9.448100e-01 5.400750e-01
3.767420500e+06 9866 5655 2.251139e-06 1.664565e-09 2.0 1 2.252796e-06 0.000000e+00 5.024308e-07 4.731223e-10 5.029039e-07 0.000000e+00 1.038120e+00 1.037770e+00 7.895240e-01
