-1000 -1000 126 7563 126 7563
-1000 -1000 9866 9750 9866 9750
-1000 -1000 8749 9509 9509 -1000
-1000 -1000 1893 9650 1893 -1000
-1000 -1000 8087 7541 7541 -1000
-1000 -1000 2269 469 2269 -1000
-1000 -1000 2229 9984 2229 -1000
1 -1000 9866 9014 9866 -1000
-1000 -1000 453 9577 453 -1000
-1000 -1000 3612 1360 3612 -1000
-1000 -1000 9956 9654 9956 9654
-1000 2 8106 9509 8106 9509
-1000 -1000 9857 4142 9857 -1000
-1000 11 9931 8106 9931 8106
-1000 -1000 4351 3799 -1000 -1000
-1000 -1000 8168 9710 8168 9710
-1000 -1000 8897 7613 8897 7613
-1000 -1000 4655 5690 5690 -1000
17 1 5690 9750 9750 -1000
12 -1000 9857 2661 9857 2661
-1000 -1000 1411 5743 5743 -1000
-1000 6 4532 2229 2229 -1000
19 -1000 2661 3168 3168 -1000
9 -1000 3612 4750 3612 -1000
-1000 -1000 6452 8840 6452 8840
-1000 -1000 6173 9178 9178 -1000
-1000 -1000 9312 9934 9312 9934
-1000 -1000 9022 9679 9022 -1000
-1000 -1000 4000 9935 4000 9935
27 -1000 9022 9594 9022 9594
7 13 9866 8106 9866 8106
-1000 -1000 8082 9370 8082 9370
-1000 -1000 7479 1460 7479 1460
-1000 -1000 6667 7947 7947 -1000
30 -1000 9866 5665 9866 -1000
-1000 -1000 6807 6750 6807 6750
-1000 8 7535 453 453 -1000
-1000 -1000 9545 9262 9545 9262
-1000 34 8857 9866 9866 -1000
29 29 9594 9022 9594 9022
-1000 11 3796 9509 -1000 -1000
-1000 -1000 8739 9008 -1000 -1000
28 -1000 4000 177 4000 177
-1000 -1000 7520 6357 -1000 -1000
26 -1000 9934 9987 9934 9987
-1000 -1000 8817 1759 1759 -1000
-1000 -1000 4669 4150 4150 -1000
42 38 177 9866 9866 -1000
-1000 31 3556 9370 3556 9370
15 -1000 8168 1478 1478 -1000
-1000 -1000 3220 9378 9378 -1000
-1000 -1000 8400 9797 9797 -1000
-1000 -1000 9215 8047 9215 -1000
-1000 -1000 8786 8934 8786 8934
-1000 -1000 8450 2005 8450 2005
-1000 -1000 5594 7757 -1000 -1000
-1000 30 7967 8106 8106 -1000
-1000 -1000 6738 7471 6738 7471
-1000 -1000 9037 4586 4586 -1000
56 -1000 8106 2617 8106 -1000
-1000 -1000 9173 2811 9173 -1000
-1000 4 8432 7541 7541 -1000
47 61 9866 7541 9866 -1000
31 36 8082 453 453 -1000
-1000 -1000 6836 9383 9383 -1000
25 -1000 9178 9751 9178 9751
-1000 45 9433 1759 1759 -1000
13 -1000 9931 2340 9931 -1000
-1000 3 1358 1893 1893 -1000
-1000 -1000 9319 7727 9319 -1000
-1000 42 9277 4000 9277 4000
-1000 -1000 6486 8916 8916 -1000
62 -1000 9866 7446 9866 7446
70 72 4000 9866 9866 -1000
-1000 -1000 9774 5986 9774 -1000
-1000 -1000 8945 7760 8945 -1000
-1000 73 3858 9866 9866 -1000
-1000 -1000 9790 6107 6107 -1000
-1000 -1000 9271 6515 9271 6515
-1000 -1000 9514 9283 9514 9283
-1000 -1000 9901 8928 9901 -1000
-1000 21 6380 2229 2229 -1000
-1000 66 9874 1759 1759 -1000
-1000 -1000 4837 8936 4837 8936
-1000 -1000 9187 150 9187 -1000
37 -1000 9262 9732 9262 9732
-1000 -1000 6619 9723 9723 -1000
63 -1000 453 1487 453 1487
-1000 37 6511 9545 6511 9545
-1000 -1000 9841 275 9841 -1000
-1000 48 6275 9370 6275 9370
-1000 -1000 8981 3110 8981 3110
84 -1000 9187 9939 9939 -1000
10 -1000 9956 2514 9956 -1000
-1000 -1000 3043 8764 8764 -1000
-1000 76 6467 9866 9866 -1000
59 19 8106 9857 8106 -1000
-1000 95 6449 9866 9866 -1000
-1000 81 9303 2229 2229 -1000
58 88 4586 9545 4586 9545
-1000 97 8696 9866 9866 -1000
64 99 9383 9545 9383 9545
-1000 96 7217 8106 8106 -1000
33 -1000 7947 2452 7947 2452
82 88 1759 6511 1759 -1000
-1000 32 1446 1460 1446 1460
100 -1000 9866 539 9866 -1000
18 106 9750 9866 9866 -1000
107 28 9866 9935 9866 -1000
101 108 9545 9866 9545 9866
-1000 -1000 9162 9519 9162 9519
-1000 -1000 1913 7804 1913 7804
-1000 0 9360 126 126 -1000
39 39 9594 9022 9022 -1000
93 67 9956 9931 9956 9931
-1000 109 9225 9545 9545 -1000
109 102 9866 8106 9866 8106
116 65 9866 9751 9866 -1000
-1000 -1000 7447 9836 7447 9836
68 -1000 1893 6071 1893 -1000
78 -1000 9271 1419 9271 1419
98 -1000 2229 1045 2229 1045
-1000 87 7379 453 453 -1000
114 101 9956 9383 9956 -1000
70 117 9277 9866 9866 -1000
72 -1000 7446 579 7446 -1000
85 -1000 9732 9810 9732 9810
54 119 8450 1893 1893 -1000
118 -1000 7447 5183 7447 5183
116 -1000 8106 8166 8106 8166
-1000 128 8721 7447 7447 -1000
-1000 74 1068 9774 9774 -1000
53 -1000 8934 5706 5706 -1000
115 -1000 9545 4598 9545 -1000
-1000 104 5608 1759 1759 -1000
125 -1000 7446 6604 7446 -1000
79 120 9283 9271 9283 9271
-1000 -1000 9322 8918 9322 -1000
-1000 -1000 5587 6865 6865 -1000
112 131 126 9774 126 9774
-1000 -1000 49 822 822 -1000
-1000 -1000 9174 2830 9174 -1000
-1000 -1000 3777 2203 2203 -1000
124 69 9866 9319 9866 -1000
-1000 -1000 8650 3331 8650 -1000
134 126 1759 9732 1759 -1000
-1000 -1000 8253 7451 -1000 -1000
121 -1000 2229 7820 2229 -1000
65 -1000 9178 861 9178 -1000
-1000 -1000 4780 9107 9107 -1000
-1000 91 4815 8981 4815 -1000
143 -1000 9866 9837 9866 -1000
57 129 6738 8106 8106 -1000
-1000 127 7317 1893 1893 -1000
152 139 8106 9774 8106 9774
-1000 150 3506 4815 3506 4815
110 -1000 9519 7717 9519 7717
-1000 -1000 3751 8267 3751 8267
-1000 -1000 358 9578 358 9578
136 -1000 9283 4346 9283 -1000
-1000 -1000 9001 3530 9001 3530
126 122 9810 453 453 -1000
103 159 7947 9283 7947 9283
-1000 -1000 2238 6762 -1000 -1000
-1000 -1000 8176 1330 8176 1330
-1000 52 9742 9215 9215 -1000
15 -1000 9710 5353 9710 5353
151 141 9866 9174 9866 -1000
-1000 145 6795 1759 1759 -1000
-1000 -1000 5082 6376 5082 6376
-1000 167 6501 9866 9866 -1000
-1000 105 3377 1460 3377 1460
-1000 48 9872 3556 9872 3556
26 -1000 9312 8498 9312 -1000
170 16 9866 8897 9866 8897
133 -1000 9545 9233 9545 9233
153 -1000 1893 8163 1893 -1000
154 165 9774 9215 9774 -1000
32 -1000 7479 7053 7479 -1000
-1000 174 7036 9866 9866 -1000
157 -1000 3751 7718 -1000 -1000
-1000 -1000 6461 6810 6810 -1000
46 -1000 4150 2597 4150 2597
80 123 9901 9956 9956 -1000
-1000 147 9309 2229 2229 -1000
176 -1000 1893 7084 1893 -1000
-1000 185 3202 1893 3202 1893
158 110 358 9162 358 -1000
-1000 -1000 9259 732 9259 -1000
-1000 -1000 9651 1637 -1000 -1000
44 86 9934 9723 9934 9723
-1000 -1000 6706 4302 4302 -1000
-1000 162 9405 9283 9405 9283
183 -1000 9956 7100 9956 7100
-1000 186 8427 1893 8427 -1000
44 179 9987 9866 9866 -1000
-1000 173 1970 9312 1970 9312
-1000 -1000 5549 6087 -1000 -1000
-1000 177 4554 9774 9774 -1000
118 142 9836 2203 2203 -1000
-1000 -1000 8752 7506 8752 -1000
-1000 -1000 9926 8408 9926 -1000
-1000 184 8734 2229 2229 -1000
-1000 186 93 3202 3202 -1000
111 166 7804 5353 5353 -1000
171 85 3377 9262 3377 -1000
203 -1000 3202 9768 3202 -1000
-1000 51 2527 9797 2527 9797
193 -1000 9956 2320 9956 -1000
-1000 -1000 9714 2437 9714 -1000
-1000 -1000 4127 634 4127 634
202 -1000 2229 460 2229 -1000
-1000 175 7963 9545 7963 9545
-1000 198 4801 9774 9774 -1000
-1000 195 5123 9866 9866 -1000
171 49 1460 1478 1478 -1000
-1000 161 8689 453 8689 453
20 -1000 5743 7788 5743 7788
-1000 -1000 7384 9462 9462 -1000
208 -1000 9956 6955 9956 -1000
168 -1000 1759 3912 1759 -1000
212 214 7963 9866 9866 -1000
220 -1000 1759 6238 1759 -1000
154 22 8106 3168 8106 3168
219 160 9956 3530 9956 -1000
-1000 94 7174 8764 7174 -1000
222 225 1759 7174 1759 -1000
217 188 7788 9259 7788 9259
226 223 1759 8106 1759 8106
140 113 822 9022 9022 -1000
-1000 228 9272 1759 1759 -1000
-1000 -1000 9707 7176 9707 -1000
224 71 9956 8916 9956 -1000
211 -1000 2229 5487 2229 -1000
221 -1000 9866 4310 9866 -1000
169 228 6376 8106 6376 8106
-1000 190 8708 9934 9934 -1000
234 196 9866 9312 9866 -1000
-1000 -1000 5494 9808 5494 9808
206 83 3202 8936 3202 8936
-1000 204 1524 5353 -1000 -1000
239 -1000 3202 8053 3202 -1000
-1000 237 1341 9866 9866 -1000
-1000 57 6181 7471 6181 7471
233 -1000 2229 2586 2229 2586
243 242 7471 9866 9866 -1000
-1000 212 9636 9545 -1000 -1000
230 213 1759 9774 1759 9774
196 247 1970 1759 1759 -1000
244 -1000 2229 6371 2229 -1000
235 -1000 8106 4401 8106 -1000
60 248 9173 1759 1759 -1000
251 105 1759 1446 1759 -1000
-1000 200 362 8752 8752 -1000
-1000 16 2214 7613 -1000 -1000
241 -1000 3202 2055 3202 -1000
235 252 6376 1759 1759 -1000
79 255 9514 3202 9514 3202
149 256 9107 1759 9107 1759
169 258 5082 1759 1759 -1000
245 -1000 9866 9608 9866 -1000
-1000 137 1348 9322 -1000 -1000
-1000 139 8793 126 8793 126
259 247 1759 9774 1759 -1000
99 -1000 4586 3644 4586 -1000
182 77 4150 6107 4150 -1000
238 -1000 9808 5328 9808 -1000
250 263 8106 1759 8106 1759
267 262 8106 8793 8106 8793
181 -1000 6810 8561 -1000 -1000
258 267 9107 1759 9107 1759
156 -1000 9519 6392 9519 -1000
270 -1000 9107 1690 9107 -1000
236 266 9934 9808 9934 9808
155 272 3506 9107 3506 9107
262 -1000 126 9357 126 -1000
216 -1000 453 6079 453 6079
244 249 2586 2229 2229 -1000
-1000 132 2470 5706 2470 5706
-1000 -1000 6360 4370 4370 -1000
172 90 3556 9370 3556 9370
114 260 9931 9866 9866 -1000
-1000 199 7139 2203 7139 2203
274 148 3506 9178 3506 9178
-1000 144 6759 8650 -1000 -1000
-1000 232 3275 9956 9956 -1000
135 156 7446 7717 7446 -1000
277 223 2229 3168 2229 3168
274 268 9107 8106 9107 8106
-1000 -1000 7528 7352 7528 7352
-1000 281 7345 9866 9866 -1000
-1000 215 9569 1478 9569 1478
-1000 -1000 7039 1498 -1000 -1000
288 268 8106 8793 8793 -1000
-1000 89 2895 9841 9841 -1000
290 -1000 9866 6419 9866 -1000
10 287 9654 2229 2229 -1000
-1000 283 7618 3506 3506 -1000
-1000 -1000 1682 8514 1682 8514
-1000 -1000 8984 4758 8984 -1000
-1000 265 259 4150 4150 -1000
210 257 4127 3202 4127 3202
193 -1000 7100 4653 7100 -1000
217 -1000 5743 4767 -1000 -1000
295 174 9866 8897 9866 -1000
-1000 160 6332 9001 9001 -1000
-1000 227 3620 9259 9259 -1000
-1000 293 4387 8793 8793 -1000
-1000 -1000 7659 3873 -1000 -1000
288 -1000 9107 3547 9107 -1000
111 91 1913 3110 3110 -1000
205 -1000 3377 9620 3377 9620
300 297 4150 3506 3506 -1000
243 -1000 6181 6446 6181 -1000
-1000 75 5277 8945 5277 8945
287 296 3168 2229 3168 2229
-1000 -1000 9381 829 9381 829
289 309 7352 9107 9107 -1000
285 311 9956 3377 9956 -1000
304 -1000 9866 5655 9866 -1000
